d1:
([1, 2], [np.float64(1746446408.5015354), np.float64(1746446408.5015354)], [np.float64(645357121.0), np.float64(645357121.0)], [array([[-5.9900500e-02, -2.9201140e-02, -9.9754348e-01, -1.9362000e+02],
       [ 2.4094546e-01,  9.6958326e-01, -4.2897640e-02,  7.5400000e+00],
       [ 9.6844772e-01, -2.4298604e-01, -5.1034000e-02, -1.9587700e+03],
       [ 0.0000000e+00,  0.0000000e+00,  0.0000000e+00,  1.0000000e+00]]), array([[nan, nan, nan, nan],
       [nan, nan, nan, nan],
       [nan, nan, nan, nan],
       [ 0.,  0.,  0.,  1.]])], [np.float64(0.44420000000000004), np.float64(0.3345)]), [np.float64(0.44420000000000004), np.float64(0.3345)])

d2:
([1, 2], [np.float64(1746446408.5015354), np.float64(1746446408.5015354)], [np.float64(645357121.0), np.float64(645357121.0)], [array([[-1.1445520e-01, -6.9236160e-02, -9.9084232e-01, -1.6975000e+02],
       [ 1.8737208e-01,  9.7815286e-01, -9.0011460e-02, -1.0760000e+01],
       [ 9.7542496e-01, -1.9600182e-01, -9.8976100e-02, -1.9001100e+03],
       [ 0.0000000e+00,  0.0000000e+00,  0.0000000e+00,  1.0000000e+00]]), array([[nan, nan, nan, nan],
       [nan, nan, nan, nan],
       [nan, nan, nan, nan],
       [ 0.,  0.,  0.,  1.]])], [np.float64(0.44420000000000004), np.float64(0.3345)])

d3:
([1, 2], [np.float64(1746446408.5015354), np.float64(1746446408.5015354)], [np.float64(645357121.0), np.float64(645357121.0)], [array([[ 2.2503536e-01, -1.3307980e-01, -9.6511332e-01, -1.3693000e+02],
       [ 8.4086680e-02,  9.8958320e-01, -1.1684076e-01, -2.4730000e+01],
       [ 9.7060980e-01, -5.4882600e-02,  2.3388400e-01, -1.8076400e+03],
       [ 0.0000000e+00,  0.0000000e+00,  0.0000000e+00,  1.0000000e+00]]), array([[nan, nan, nan, nan],
       [nan, nan, nan, nan],
       [nan, nan, nan, nan],
       [ 0.,  0.,  0.,  1.]])], [np.float64(0.44420000000000004), np.float64(0.3345)])

d4:
([1, 2], [np.float64(1746446408.5015354), np.float64(1746446408.5015354)], [np.float64(645357121.0), np.float64(645357121.0)], [array([[ 3.6392382e-01, -1.5878482e-01, -9.1773674e-01, -8.2190000e+01],
       [ 1.8074302e-01,  9.7866830e-01, -9.7656340e-02, -4.0030000e+01],
       [ 9.1366586e-01, -1.3035406e-01,  3.8486348e-01, -1.7485800e+03],
       [ 0.0000000e+00,  0.0000000e+00,  0.0000000e+00,  1.0000000e+00]]), array([[nan, nan, nan, nan],
       [nan, nan, nan, nan],
       [nan, nan, nan, nan],
       [ 0.,  0.,  0.,  1.]])], [np.float64(0.44420000000000004), np.float64(0.3345)])

d5:
([1, 2], [np.float64(1746446408.5015354), np.float64(1746446408.5015354)], [np.float64(645357121.0), np.float64(645357121.0)], [array([[-2.5212500e-02, -1.5051480e-01, -9.8809110e-01, -2.1153000e+02],
       [ 1.4683320e-01,  9.7731212e-01, -1.5261880e-01, -9.3790000e+01],
       [ 9.8864490e-01, -1.4898920e-01, -2.5313800e-03, -1.8396500e+03],
       [ 0.0000000e+00,  0.0000000e+00,  0.0000000e+00,  1.0000000e+00]]), array([[nan, nan, nan, nan],
       [nan, nan, nan, nan],
       [nan, nan, nan, nan],
       [ 0.,  0.,  0.,  1.]])], [np.float64(0.44420000000000004), np.float64(0.3345)])

d6:
([1, 2], [np.float64(1746446408.5015354), np.float64(1746446408.5015354)], [np.float64(645357121.0), np.float64(645357121.0)], [array([[ 4.9215000e-03, -1.3197338e-01, -9.9103566e-01, -1.8518000e+02],
       [ 1.3393086e-01,  9.8240214e-01, -1.3015898e-01, -7.6480000e+01],
       [ 9.9077302e-01, -1.3214334e-01,  2.2517400e-02, -1.8984000e+03],
       [ 0.0000000e+00,  0.0000000e+00,  0.0000000e+00,  1.0000000e+00]]), array([[nan, nan, nan, nan],
       [nan, nan, nan, nan],
       [nan, nan, nan, nan],
       [ 0.,  0.,  0.,  1.]])], [np.float64(0.44420000000000004), np.float64(0.3345)])

d7:
([1, 2], [np.float64(1746446408.5015354), np.float64(1746446408.5015354)], [np.float64(645357121.0), np.float64(645357121.0)], [array([[ 1.7457950e-01, -2.9292690e-01, -9.3997020e-01, -1.3999000e+02],
       [ 3.2003310e-01,  9.1975358e-01, -2.2719036e-01, -1.1341000e+02],
       [ 9.3109020e-01, -2.6120964e-01,  2.5433308e-01, -1.8046100e+03],
       [ 0.0000000e+00,  0.0000000e+00,  0.0000000e+00,  1.0000000e+00]]), array([[nan, nan, nan, nan],
       [nan, nan, nan, nan],
       [nan, nan, nan, nan],
       [ 0.,  0.,  0.,  1.]])], [np.float64(0.44420000000000004), np.float64(0.3345)])
