NaN NaN NaN NaN NaN NaN NaN NaN NaN NaN NaN NaN 0.0 0.0 0.0 1.0
6.0677756e-01 -5.4825220e-02 -7.9289578e-01 -1.8517000e+02 1.1390582e-01 9.9331868e-01 1.8472420e-02 4.7700000e+01 7.8658438e-01 -1.0153798e-01 6.0896988e-01 -1.8495900e+03 0.0000000e+00 0.0000000e+00 0.0000000e+00 1.0000000e+00
6.6100430e-01 -6.0013620e-02 -7.4792714e-01 -1.7813000e+02 1.0176222e-01 9.9475678e-01 1.0110060e-02 4.6320000e+01 7.4339834e-01 -8.2801740e-02 6.6364652e-01 -1.8408000e+03 0.0000000e+00 0.0000000e+00 0.0000000e+00 1.0000000e+00
5.8726694e-01 4.3030220e-02 -8.0823226e-01 -1.8783000e+02 1.3472260e-02 9.9792780e-01 6.2916380e-02 5.5190000e+01 8.0926478e-01 -4.7836940e-02 5.8547030e-01 -1.8536500e+03 0.0000000e+00 0.0000000e+00 0.0000000e+00 1.0000000e+00
5.4054270e-01 2.1792746e-01 -8.1253218e-01 -1.8868000e+02 -3.9285540e-02 9.7135164e-01 2.3436214e-01 8.3270000e+01 8.4033182e-01 -9.4744860e-02 5.3362110e-01 -1.8616200e+03 0.0000000e+00 0.0000000e+00 0.0000000e+00 1.0000000e+00
5.6877758e-01 3.9365754e-01 -7.2208172e-01 -1.7438000e+02 -1.9060614e-01 9.1719726e-01 3.4984956e-01 1.0307000e+02 8.0002348e-01 -6.1311960e-02 5.9673068e-01 -1.8521300e+03 0.0000000e+00 0.0000000e+00 0.0000000e+00 1.0000000e+00
6.3490232e-01 4.9098292e-01 -5.9649540e-01 -1.5412000e+02 -3.7709908e-01 8.7081302e-01 3.1539030e-01 9.8660000e+01 6.7429020e-01 2.4708900e-02 7.3803934e-01 -1.8298700e+03 0.0000000e+00 0.0000000e+00 0.0000000e+00 1.0000000e+00
NaN NaN NaN NaN NaN NaN NaN NaN NaN NaN NaN NaN 0.0 0.0 0.0 1.0
NaN NaN NaN NaN NaN NaN NaN NaN NaN NaN NaN NaN 0.0 0.0 0.0 1.0
7.0410480e-01 2.6627092e-01 -6.5822876e-01 -1.6402000e+02 -3.8928680e-02 9.4011120e-01 3.3861644e-01 9.9740000e+01 7.0897804e-01 -2.1278236e-01 6.7230576e-01 -1.8394200e+03 0.0000000e+00 0.0000000e+00 0.0000000e+00 1.0000000e+00
6.3586702e-01 1.4610552e-01 -7.5779850e-01 -1.7941000e+02 2.3133048e-01 9.0069452e-01 3.6771880e-01 1.0390000e+02 7.3626870e-01 -4.0912600e-01 5.3892350e-01 -1.8597000e+03 0.0000000e+00 0.0000000e+00 0.0000000e+00 1.0000000e+00
5.6934710e-01 -4.1030140e-02 -8.2104078e-01 -1.8978000e+02 4.3184434e-01 8.6478182e-01 2.5621554e-01 8.5680000e+01 6.9950118e-01 -5.0045226e-01 5.1008428e-01 -1.8650800e+03 0.0000000e+00 0.0000000e+00 0.0000000e+00 1.0000000e+00
NaN NaN NaN NaN NaN NaN NaN NaN NaN NaN NaN NaN 0.0 0.0 0.0 1.0
3.7838620e-01 -4.1820930e-01 -8.2569750e-01 -1.9004000e+02 6.4443306e-01 7.5938630e-01 -8.9336420e-02 2.9320000e+01 6.6436542e-01 -4.9837330e-01 5.5689926e-01 -1.8576200e+03 0.0000000e+00 0.0000000e+00 0.0000000e+00 1.0000000e+00
2.6497310e-01 -5.1488342e-01 -8.1521974e-01 -1.8823000e+02 7.1739446e-01 6.7018860e-01 -1.9012382e-01 1.2910000e+01 6.4423082e-01 -5.3450626e-01 5.4699854e-01 -1.8593300e+03 0.0000000e+00 0.0000000e+00 0.0000000e+00 1.0000000e+00
2.9478000e-01 -4.5471300e-01 -8.4033500e-01 -1.9232000e+02 6.8705060e-01 7.1207832e-01 -1.4433744e-01 2.0910000e+01 6.6399420e-01 -5.3489056e-01 5.2238232e-01 -1.8633800e+03 0.0000000e+00 0.0000000e+00 0.0000000e+00 1.0000000e+00
5.6327534e-01 -8.6014460e-02 -8.2171664e-01 -1.9003000e+02 1.0068634e-01 9.9429950e-01 -3.5062880e-02 3.9030000e+01 8.2004816e-01 -6.2997280e-02 5.6872620e-01 -1.8558500e+03 0.0000000e+00 0.0000000e+00 0.0000000e+00 1.0000000e+00
NaN NaN NaN NaN NaN NaN NaN NaN NaN NaN NaN NaN 0.0 0.0 0.0 1.0
5.3722040e-01 -2.2162352e-01 -8.1376996e-01 -1.8854000e+02 5.1083408e-01 8.5325280e-01 1.0483576e-01 6.1100000e+01 6.7110884e-01 -4.7204344e-01 5.7160856e-01 -1.8546300e+03 0.0000000e+00 0.0000000e+00 0.0000000e+00 1.0000000e+00
3.7362086e-01 -2.7288022e-01 -8.8646198e-01 -2.0009000e+02 8.0388382e-01 5.7203388e-01 1.6266502e-01 7.0540000e+01 4.6265458e-01 -7.7345038e-01 4.3313798e-01 -1.8769400e+03 0.0000000e+00 0.0000000e+00 0.0000000e+00 1.0000000e+00
2.8501950e-01 -1.6286236e-01 -9.4438852e-01 -2.0973000e+02 7.8934076e-01 5.9880342e-01 1.3478864e-01 6.6210000e+01 5.4344732e-01 -7.8402976e-01 2.9933208e-01 -1.8992200e+03 0.0000000e+00 0.0000000e+00 0.0000000e+00 1.0000000e+00
2.0633518e-01 -3.2147382e-01 -9.2400252e-01 -2.0610000e+02 7.3168842e-01 6.7768606e-01 -7.2470280e-02 3.2300000e+01 6.4942908e-01 -6.6126732e-01 3.7514188e-01 -1.8871100e+03 0.0000000e+00 0.0000000e+00 0.0000000e+00 1.0000000e+00
1.3167344e-01 -5.3054896e-01 -8.3734976e-01 -1.9150000e+02 7.3424576e-01 6.1970672e-01 -2.7719248e-01 -8.9000000e-01 6.6597296e-01 -5.7833408e-01 4.7116272e-01 -1.8714200e+03 0.0000000e+00 0.0000000e+00 0.0000000e+00 1.0000000e+00
1.5465486e-01 -6.5321916e-01 -7.4117614e-01 -1.7533000e+02 8.0211884e-01 5.2099260e-01 -2.9179932e-01 -3.4800000e+00 5.7675186e-01 -5.4940532e-01 6.0455790e-01 -1.8495100e+03 0.0000000e+00 0.0000000e+00 0.0000000e+00 1.0000000e+00
3.1716294e-01 -7.1597210e-01 -6.2186124e-01 -1.5615000e+02 8.4289626e-01 5.1332814e-01 -1.6113020e-01 1.7660000e+01 4.3457260e-01 -4.7309724e-01 7.6635384e-01 -1.8228900e+03 0.0000000e+00 0.0000000e+00 0.0000000e+00 1.0000000e+00
6.3333550e-01 -5.3115828e-01 -5.6273946e-01 -1.4751000e+02 6.4518780e-01 7.6397336e-01 5.0057200e-03 4.4640000e+01 4.2724410e-01 -3.6628300e-01 8.2659590e-01 -1.8136900e+03 0.0000000e+00 0.0000000e+00 0.0000000e+00 1.0000000e+00
8.1732780e-01 -2.1104686e-01 -5.3608302e-01 -1.4479000e+02 3.3002970e-01 9.3420540e-01 1.3536190e-01 6.6280000e+01 4.7223530e-01 -2.8757898e-01 8.3321484e-01 -1.8134400e+03 0.0000000e+00 0.0000000e+00 0.0000000e+00 1.0000000e+00
8.2956366e-01 1.2836826e-01 -5.4342918e-01 -1.4658000e+02 3.6048420e-02 9.5887790e-01 2.8150726e-01 9.0550000e+01 5.5722006e-01 -2.5311542e-01 7.9082300e-01 -1.8205100e+03 0.0000000e+00 0.0000000e+00 0.0000000e+00 1.0000000e+00
7.424380e-01 3.673416e-01 -5.601600e-01 -1.493100e+02 -1.508616e-01 9.064460e-01 3.944264e-01 1.092100e+02 6.526560e-01 -2.083064e-01 7.284080e-01 -1.830840e+03 0.0000000e+00 0.0000000e+00 0.0000000e+00 1.000000e+00
6.2526764e-01 4.9319192e-01 -6.0471376e-01 -1.5599000e+02 -1.8676016e-01 8.4702054e-01 4.9762082e-01 1.2582000e+02 7.5765272e-01 -1.9816046e-01 6.2174774e-01 -1.8478100e+03 0.0000000e+00 0.0000000e+00 0.0000000e+00 1.0000000e+00
4.7566572e-01 5.8346254e-01 -6.5819526e-01 -1.6421000e+02 -1.8595086e-01 7.9811598e-01 5.7305978e-01 1.3808000e+02 8.5969286e-01 -1.5015558e-01 4.8815070e-01 -1.8693500e+03 0.0000000e+00 0.0000000e+00 0.0000000e+00 1.0000000e+00
3.6108350e-01 5.3970100e-01 -7.6037700e-01 -1.8070000e+02 -1.2544940e-01 8.3618648e-01 5.3386464e-01 1.3146000e+02 9.2396580e-01 -9.7323360e-02 3.6966102e-01 -1.8885900e+03 0.0000000e+00 0.0000000e+00 0.0000000e+00 1.0000000e+00
2.4947772e-01 4.6806498e-01 -8.4753866e-01 -1.9463000e+02 1.3539800e-03 8.7523782e-01 4.8363006e-01 1.2301000e+02 9.6819666e-01 -1.2171706e-01 2.1774054e-01 -1.9128100e+03 0.0000000e+00 0.0000000e+00 0.0000000e+00 1.0000000e+00
2.1983078e-01 2.4907316e-01 -9.4306796e-01 -2.0977000e+02 3.1872400e-03 9.6666480e-01 2.5600372e-01 8.5960000e+01 9.7539964e-01 -5.9250520e-02 2.1171302e-01 -1.9137400e+03 0.0000000e+00 0.0000000e+00 0.0000000e+00 1.0000000e+00
2.1670640e-01 8.3346880e-02 -9.7253256e-01 -2.1408000e+02 9.7634480e-02 9.8950310e-01 1.0652454e-01 6.1370000e+01 9.7120224e-01 -1.1803926e-01 2.0629414e-01 -1.9144700e+03 0.0000000e+00 0.0000000e+00 0.0000000e+00 1.0000000e+00
2.4709214e-01 -1.0683764e-01 -9.6297230e-01 -2.1236000e+02 2.1884660e-01 9.7437084e-01 -5.1964360e-02 3.5750000e+01 9.4384114e-01 -1.9793900e-01 2.6414654e-01 -1.9047900e+03 0.0000000e+00 0.0000000e+00 0.0000000e+00 1.0000000e+00
2.5826790e-01 -3.2854056e-01 -9.0828788e-01 -2.0345000e+02 4.2715336e-01 8.8226808e-01 -1.9769676e-01 1.1980000e+01 8.6629428e-01 -3.3705356e-01 3.6825582e-01 -1.8886100e+03 0.0000000e+00 0.0000000e+00 0.0000000e+00 1.0000000e+00
1.9822734e-01 -4.9826026e-01 -8.4404838e-01 -1.9295000e+02 6.6059322e-01 7.0409244e-01 -2.6050186e-01 1.5700000e+00 7.2408394e-01 -5.0594598e-01 4.6872654e-01 -1.8723300e+03 0.0000000e+00 0.0000000e+00 0.0000000e+00 1.0000000e+00
1.4473110e-01 -6.1787746e-01 -7.7259412e-01 -1.8081000e+02 7.9107358e-01 5.4123926e-01 -2.8470956e-01 -2.3300000e+00 5.9403436e-01 -5.7016172e-01 5.6731580e-01 -1.8556200e+03 0.0000000e+00 0.0000000e+00 0.0000000e+00 1.0000000e+00
NaN NaN NaN NaN NaN NaN NaN NaN NaN NaN NaN NaN 0.0 0.0 0.0 1.0
8.3936640e-02 -6.7200072e-01 -7.3569432e-01 -1.7464000e+02 8.2818552e-01 4.5758702e-01 -3.2349608e-01 -8.5700000e+00 5.5402152e-01 -5.8219928e-01 5.9502062e-01 -1.8513300e+03 0.0000000e+00 0.0000000e+00 0.0000000e+00 1.0000000e+00
3.964950e-02 -6.233714e-01 -7.808280e-01 -1.819800e+02 7.405314e-01 5.429715e-01 -3.958874e-01 -2.045000e+01 6.707440e-01 -5.626026e-01 4.832220e-01 -1.870020e+03 0.000000e+00 0.000000e+00 0.000000e+00 1.000000e+00
4.8557100e-02 -6.1061356e-01 -7.9028918e-01 -1.8352000e+02 6.7211932e-01 6.0527660e-01 -4.2637756e-01 -2.5310000e+01 7.3868906e-01 -5.1058132e-01 4.3989326e-01 -1.8773500e+03 0.0000000e+00 0.0000000e+00 0.0000000e+00 1.0000000e+00
3.8502620e-02 -5.7749304e-01 -8.1528484e-01 -1.8777000e+02 6.9407496e-01 6.0242518e-01 -3.9396372e-01 -1.9730000e+01 7.1864284e-01 -5.5086228e-01 4.2415280e-01 -1.8797800e+03 0.0000000e+00 0.0000000e+00 0.0000000e+00 1.0000000e+00
1.6179180e-02 -5.5668460e-01 -8.3036456e-01 -1.9009000e+02 6.9177940e-01 6.0586520e-01 -3.9272680e-01 -1.9780000e+01 7.2169544e-01 -5.6823880e-01 3.9503702e-01 -1.8846700e+03 0.0000000e+00 0.0000000e+00 0.0000000e+00 1.0000000e+00
-8.0722980e-02 -4.9165160e-01 -8.6674824e-01 -1.9538000e+02 6.6277560e-01 6.2303640e-01 -4.1518220e-01 -2.3440000e+01 7.4411176e-01 -6.0821580e-01 2.7573438e-01 -1.9051100e+03 0.0000000e+00 0.0000000e+00 0.0000000e+00 1.0000000e+00
-1.9012128e-01 -3.9168360e-01 -8.9999912e-01 -2.0049000e+02 6.1239080e-01 6.6924750e-01 -4.2066990e-01 -2.3750000e+01 7.6706712e-01 -6.3132370e-01 1.1274222e-01 -1.9317800e+03 0.0000000e+00 0.0000000e+00 0.0000000e+00 1.0000000e+00
-2.2439250e-01 -2.4930778e-01 -9.4173846e-01 -2.0699000e+02 6.4190166e-01 6.8935566e-01 -3.3554902e-01 -1.0330000e+01 7.3279462e-01 -6.8005626e-01 5.4822000e-03 -1.9490700e+03 0.0000000e+00 0.0000000e+00 0.0000000e+00 1.0000000e+00
-2.1257970e-01 -6.5222600e-02 -9.7483010e-01 -2.1256000e+02 6.4650716e-01 7.3871000e-01 -1.9047188e-01 1.3340000e+01 7.3251362e-01 -6.7081820e-01 -1.1482906e-01 -1.9679900e+03 0.0000000e+00 0.0000000e+00 0.0000000e+00 1.0000000e+00
-1.9632346e-01 4.2533100e-02 -9.7932918e-01 -2.1340000e+02 5.9261418e-01 8.0101900e-01 -8.4163260e-02 3.0660000e+01 7.8083490e-01 -5.9704770e-01 -1.8241450e-01 -1.9791300e+03 0.0000000e+00 0.0000000e+00 0.0000000e+00 1.0000000e+00
-1.7285466e-01 1.0905658e-01 -9.7874814e-01 -2.1325000e+02 4.6794834e-01 8.8359990e-01 1.5740980e-02 4.7240000e+01 8.6652502e-01 -4.5533514e-01 -2.0375700e-01 -1.9832500e+03 0.0000000e+00 0.0000000e+00 0.0000000e+00 1.0000000e+00
-2.0065746e-01 1.4832570e-01 -9.6814566e-01 -2.1183000e+02 1.5756534e-01 9.8048924e-01 1.1750330e-01 6.3790000e+01 9.6668490e-01 -1.2897034e-01 -2.2011346e-01 -1.9853200e+03 0.0000000e+00 0.0000000e+00 0.0000000e+00 1.0000000e+00
-2.4108724e-01 1.5390644e-01 -9.5789952e-01 -2.1013000e+02 -1.0426720e-02 9.8687180e-01 1.6114836e-01 7.1060000e+01 9.7012884e-01 4.8890880e-02 -2.3631300e-01 -1.9883800e+03 0.0000000e+00 0.0000000e+00 0.0000000e+00 1.0000000e+00
-2.5386180e-01 1.2010864e-01 -9.5949668e-01 -2.1040000e+02 -2.1338468e-01 9.6083820e-01 1.7675264e-01 7.3630000e+01 9.4314736e-01 2.4969668e-01 -2.1827604e-01 -1.9856000e+03 0.0000000e+00 0.0000000e+00 0.0000000e+00 1.0000000e+00
-2.7840050e-01 4.7751060e-02 -9.5908758e-01 -2.0998000e+02 -4.1567358e-01 8.9436014e-01 1.6524326e-01 7.2660000e+01 8.6564694e-01 4.4475802e-01 -2.2911940e-01 -1.9879100e+03 0.0000000e+00 0.0000000e+00 0.0000000e+00 1.0000000e+00
-2.3456724e-01 8.1178800e-03 -9.7192372e-01 -2.1187000e+02 -3.3582748e-01 9.3770958e-01 8.8919580e-02 6.0070000e+01 9.1209732e-01 3.4730518e-01 -2.1722082e-01 -1.9859800e+03 0.0000000e+00 0.0000000e+00 0.0000000e+00 1.0000000e+00
-1.4372722e-01 -1.0094380e-01 -9.8426726e-01 -2.1420000e+02 -1.4793140e-01 9.8579820e-01 -7.9458200e-02 3.2300000e+01 9.7830874e-01 1.3419260e-01 -1.5661858e-01 -1.9754300e+03 0.0000000e+00 0.0000000e+00 0.0000000e+00 1.0000000e+00
-1.3055860e-01 -1.6826870e-01 -9.7692210e-01 -2.1275000e+02 2.8680410e-01 9.3693068e-01 -1.9972386e-01 1.1860000e+01 9.4891230e-01 -3.0631986e-01 -7.4050280e-02 -1.9612900e+03 0.0000000e+00 0.0000000e+00 0.0000000e+00 1.0000000e+00
-1.1257672e-01 -2.7679428e-01 -9.5408140e-01 -2.0893000e+02 4.7936028e-01 8.2606078e-01 -2.9625750e-01 -3.8200000e+00 8.7011500e-01 -4.9085610e-01 3.9753500e-02 -1.9434900e+03 0.0000000e+00 0.0000000e+00 0.0000000e+00 1.0000000e+00
-1.6196354e-01 -2.9329272e-01 -9.4205484e-01 -2.0712000e+02 7.2478296e-01 6.1249366e-01 -3.1535352e-01 -7.0600000e+00 6.6946068e-01 -7.3398744e-01 1.1345176e-01 -1.9307800e+03 0.0000000e+00 0.0000000e+00 0.0000000e+00 1.0000000e+00
-2.4612148e-01 -3.9036620e-01 -8.8690572e-01 -1.9829000e+02 8.7624380e-01 3.0118094e-01 -3.7582170e-01 -1.6520000e+01 4.1374428e-01 -8.6986170e-01 2.6814142e-01 -1.9047500e+03 0.0000000e+00 0.0000000e+00 0.0000000e+00 1.0000000e+00
-2.8025050e-01 -4.7439720e-01 -8.3429290e-01 -1.8968000e+02 9.1835280e-01 1.2000432e-01 -3.7679976e-01 -1.6590000e+01 2.7879290e-01 -8.7195024e-01 4.0225382e-01 -1.8828000e+03 0.0000000e+00 0.0000000e+00 0.0000000e+00 1.0000000e+00
-1.3186088e-01 -5.1245724e-01 -8.4825936e-01 -1.9183000e+02 8.6126724e-01 3.6421070e-01 -3.5399572e-01 -1.3400000e+01 4.9028064e-01 -7.7748428e-01 3.9357158e-01 -1.8844300e+03 0.0000000e+00 0.0000000e+00 0.0000000e+00 1.0000000e+00
-7.2525700e-02 -3.2364694e-01 -9.4321658e-01 -2.0760000e+02 8.3511550e-01 4.9723260e-01 -2.3491430e-01 5.9600000e+00 5.4496510e-01 -8.0489458e-01 2.3434694e-01 -1.9105400e+03 0.0000000e+00 0.0000000e+00 0.0000000e+00 1.0000000e+00
4.2050360e-02 -2.0832416e-01 -9.7702984e-01 -2.1354000e+02 7.1902856e-01 6.8530038e-01 -1.1524178e-01 2.5870000e+01 6.9353024e-01 -6.9777058e-01 1.7866598e-01 -1.9197200e+03 0.0000000e+00 0.0000000e+00 0.0000000e+00 1.0000000e+00
1.2823030e-01 -6.6039900e-02 -9.8933010e-01 -2.1603000e+02 5.2563102e-01 8.5059596e-01 1.1237300e-02 4.6570000e+01 8.4074214e-01 -5.2158698e-01 1.4382470e-01 -1.9259400e+03 0.0000000e+00 0.0000000e+00 0.0000000e+00 1.0000000e+00
1.6234678e-01 1.1689020e-01 -9.7966248e-01 -2.1446000e+02 2.0532540e-01 9.6722096e-01 1.4938420e-01 6.9000000e+01 9.6500952e-01 -2.2541260e-01 1.3302518e-01 -1.9268700e+03 0.0000000e+00 0.0000000e+00 0.0000000e+00 1.0000000e+00
1.5266750e-01 2.9307488e-01 -9.4368316e-01 -2.0895000e+02 2.4633280e-02 9.5358720e-01 3.0008384e-01 9.3530000e+01 9.8783804e-01 -6.9023360e-02 1.3836734e-01 -1.9261700e+03 0.0000000e+00 0.0000000e+00 0.0000000e+00 1.0000000e+00
1.7089614e-01 3.7481078e-01 -9.1100656e-01 -2.0406000e+02 -1.3925174e-01 9.2470094e-01 3.5426368e-01 1.0251000e+02 9.7520512e-01 6.6412960e-02 2.1024704e-01 -1.9152700e+03 0.0000000e+00 0.0000000e+00 0.0000000e+00 1.0000000e+00
1.7410870e-01 4.8587580e-01 -8.5631790e-01 -1.9554000e+02 -2.7563292e-01 8.5902904e-01 4.3132260e-01 1.1568000e+02 9.4518894e-01 1.6105092e-01 2.8353790e-01 -1.9043900e+03 0.0000000e+00 0.0000000e+00 0.0000000e+00 1.0000000e+00
2.0014910e-01 5.8736462e-01 -7.8397446e-01 -1.8383000e+02 -3.5064526e-01 7.9023980e-01 5.0247702e-01 1.2758000e+02 9.1469178e-01 1.7446506e-01 3.6419886e-01 -1.8910400e+03 0.0000000e+00 0.0000000e+00 0.0000000e+00 1.0000000e+00
2.6162606e-01 6.4812150e-01 -7.1496846e-01 -1.7296000e+02 -3.8944854e-01 7.4880316e-01 5.3620710e-01 1.3274000e+02 8.8293330e-01 1.3829946e-01 4.4840846e-01 -1.8771300e+03 0.0000000e+00 0.0000000e+00 0.0000000e+00 1.0000000e+00
6.0518854e-01 4.7338302e-01 -6.3994290e-01 -1.6040000e+02 -2.5311300e-02 8.1501350e-01 5.7883690e-01 1.3863000e+02 7.9559898e-01 -3.3406786e-01 5.0523260e-01 -1.8659900e+03 0.0000000e+00 0.0000000e+00 0.0000000e+00 1.0000000e+00
7.2439750e-01 1.2456180e-01 -6.7795560e-01 -1.6678000e+02 2.6864460e-01 8.5478158e-01 4.4398332e-01 1.1675000e+02 6.3479880e-01 -5.0376132e-01 5.8574008e-01 -1.8533400e+03 0.0000000e+00 0.0000000e+00 0.0000000e+00 1.0000000e+00
6.8256888e-01 -2.0497632e-01 -7.0141904e-01 -1.7058000e+02 5.2252768e-01 8.0793048e-01 2.7231456e-01 8.8360000e+01 5.1085104e-01 -5.5242656e-01 6.5859936e-01 -1.8413800e+03 0.0000000e+00 0.0000000e+00 0.0000000e+00 1.0000000e+00
6.2830782e-01 -3.8773266e-01 -6.7437078e-01 -1.6619000e+02 6.2654286e-01 7.6606334e-01 1.4323946e-01 6.7410000e+01 4.6103862e-01 -5.1257866e-01 7.2430652e-01 -1.8307400e+03 0.0000000e+00 0.0000000e+00 0.0000000e+00 1.0000000e+00
6.3277662e-01 -3.6170228e-01 -6.8466564e-01 -1.6815000e+02 5.1875892e-01 8.5446102e-01 2.8040560e-02 4.8910000e+01 5.7487804e-01 -3.7291896e-01 7.2831864e-01 -1.8307700e+03 0.0000000e+00 0.0000000e+00 0.0000000e+00 1.0000000e+00
6.461895e-01 -2.562558e-01 -7.188555e-01 -1.736000e+02 2.681058e-01 9.581270e-01 -1.005470e-01 2.816000e+01 7.145205e-01 -1.277630e-01 6.878375e-01 -1.837620e+03 0.000000e+00 0.000000e+00 0.000000e+00 1.000000e+00
5.5491020e-01 -3.2245274e-01 -7.6683838e-01 -1.8083000e+02 3.4509478e-01 9.2798780e-01 -1.4049514e-01 2.2000000e+01 7.5691906e-01 -1.8669098e-01 6.2623596e-01 -1.8472000e+03 0.0000000e+00 0.0000000e+00 0.0000000e+00 1.0000000e+00
6.6267998e-01 -2.7033170e-01 -6.9832970e-01 -1.7018000e+02 2.9844430e-01 9.5064350e-01 -8.4803300e-02 3.0910000e+01 6.8678570e-01 -1.5225430e-01 7.1066748e-01 -1.8338200e+03 0.0000000e+00 0.0000000e+00 0.0000000e+00 1.0000000e+00
8.3863916e-01 -1.7109598e-01 -5.1711750e-01 -1.4204000e+02 1.6601810e-01 9.8450300e-01 -5.6496300e-02 3.5680000e+01 5.1877002e-01 -3.8470860e-02 8.5404780e-01 -1.8109400e+03 0.0000000e+00 0.0000000e+00 0.0000000e+00 1.0000000e+00
NaN NaN NaN NaN NaN NaN NaN NaN NaN NaN NaN NaN 0.0 0.0 0.0 1.0
NaN NaN NaN NaN NaN NaN NaN NaN NaN NaN NaN NaN 0.0 0.0 0.0 1.0
NaN NaN NaN NaN NaN NaN NaN NaN NaN NaN NaN NaN 0.0 0.0 0.0 1.0
NaN NaN NaN NaN NaN NaN NaN NaN NaN NaN NaN NaN 0.0 0.0 0.0 1.0
8.0239150e-01 -1.4388870e-01 -5.7920010e-01 -1.5121000e+02 1.5229290e-01 9.8773678e-01 -3.4401660e-02 3.9400000e+01 5.7704730e-01 -6.0602340e-02 8.1446428e-01 -1.8173400e+03 0.0000000e+00 0.0000000e+00 0.0000000e+00 1.0000000e+00
6.8687238e-01 -1.5125770e-01 -7.1085484e-01 -1.7229000e+02 1.9170710e-01 9.8116950e-01 -2.3537800e-02 4.0850000e+01 7.0102916e-01 -1.2011140e-01 7.0293612e-01 -1.8353600e+03 0.0000000e+00 0.0000000e+00 0.0000000e+00 1.0000000e+00
5.4787512e-01 -1.6854744e-01 -8.1935516e-01 -1.8927000e+02 2.9175464e-01 9.5648760e-01 -1.6837200e-03 4.4320000e+01 7.8398364e-01 -2.3814988e-01 5.7321648e-01 -1.8561700e+03 0.0000000e+00 0.0000000e+00 0.0000000e+00 1.0000000e+00
4.4074860e-01 -1.5106016e-01 -8.8471972e-01 -1.9958000e+02 3.0506372e-01 9.5226380e-01 -1.0646560e-02 4.3090000e+01 8.4408784e-01 -2.6525092e-01 4.6580444e-01 -1.8736600e+03 0.0000000e+00 0.0000000e+00 0.0000000e+00 1.0000000e+00
3.0272844e-01 -9.4078460e-02 -9.4828106e-01 -2.0959000e+02 3.1207106e-01 9.5003372e-01 5.3288200e-03 4.5780000e+01 9.0038846e-01 -2.9760038e-01 3.1697372e-01 -1.8975600e+03 0.0000000e+00 0.0000000e+00 0.0000000e+00 1.0000000e+00
1.5334030e-01 2.0326140e-02 -9.8784222e-01 -2.1579000e+02 3.1388058e-01 9.4700476e-01 6.8160540e-02 5.6120000e+01 9.3686946e-01 -3.2055222e-01 1.3883950e-01 -1.9266800e+03 0.0000000e+00 0.0000000e+00 0.0000000e+00 1.0000000e+00
1.1019830e-01 2.0500222e-01 -9.7239934e-01 -2.1333000e+02 3.3769802e-01 9.1256220e-01 2.3057266e-01 8.2520000e+01 9.3463706e-01 -3.5380474e-01 3.1335260e-02 -1.9443900e+03 0.0000000e+00 0.0000000e+00 0.0000000e+00 1.0000000e+00
1.4834268e-01 3.0173510e-01 -9.4166734e-01 -2.0855000e+02 1.9288370e-01 9.2519910e-01 3.2677790e-01 9.7890000e+01 9.6983366e-01 -2.3009530e-01 7.9047420e-02 -1.9361800e+03 0.0000000e+00 0.0000000e+00 0.0000000e+00 1.0000000e+00
NaN NaN NaN NaN NaN NaN NaN NaN NaN NaN NaN NaN 0.0 0.0 0.0 1.0
1.9800470e-01 4.5022664e-01 -8.7051798e-01 -1.9723000e+02 -9.5077600e-02 8.9288240e-01 4.4009400e-01 1.1652000e+02 9.7543110e-01 -4.2955200e-03 2.1962454e-01 -1.9136700e+03 0.0000000e+00 0.0000000e+00 0.0000000e+00 1.0000000e+00
2.0328432e-01 3.1843424e-01 -9.2567824e-01 -2.0589000e+02 1.2203024e-01 9.3001968e-01 3.4660832e-01 1.0107000e+02 9.7128224e-01 -1.8338032e-01 1.5020400e-01 -1.9244200e+03 0.0000000e+00 0.0000000e+00 0.0000000e+00 1.0000000e+00
1.9154870e-01 1.2912084e-01 -9.7286912e-01 -2.1340000e+02 3.3949620e-01 9.2139760e-01 1.8908460e-01 7.5310000e+01 9.2080880e-01 -3.6652212e-01 1.3265846e-01 -1.9278800e+03 0.0000000e+00 0.0000000e+00 0.0000000e+00 1.0000000e+00
1.7781240e-01 -5.1402480e-02 -9.8266564e-01 -2.1497000e+02 5.1002200e-01 8.5884726e-01 4.7331480e-02 5.2280000e+01 8.4151740e-01 -5.0962780e-01 1.7893950e-01 -1.9204600e+03 0.0000000e+00 0.0000000e+00 0.0000000e+00 1.0000000e+00
1.4974742e-01 -2.3738156e-01 -9.5965930e-01 -2.1124000e+02 6.7324156e-01 7.3535192e-01 -7.6917400e-02 3.1890000e+01 7.2390730e-01 -6.3468140e-01 2.6999550e-01 -1.9056400e+03 0.0000000e+00 0.0000000e+00 0.0000000e+00 1.0000000e+00
6.8721600e-02 -4.0856416e-01 -9.1000232e-01 -2.0285000e+02 8.7818816e-01 4.5747192e-01 -1.3914116e-01 2.1700000e+01 4.7309032e-01 -7.8971516e-01 3.9034968e-01 -1.8848800e+03 0.0000000e+00 0.0000000e+00 0.0000000e+00 1.0000000e+00
1.7362160e-02 -5.3143136e-01 -8.4676348e-01 -1.9225000e+02 9.2357168e-01 3.3277590e-01 -1.8997796e-01 1.3460000e+01 3.8267876e-01 -7.7888188e-01 4.9675070e-01 -1.8674000e+03 0.0000000e+00 0.0000000e+00 0.0000000e+00 1.0000000e+00
-1.4540740e-02 -5.4776478e-01 -8.3626072e-01 -1.9041000e+02 9.0775218e-01 3.4321078e-01 -2.4067968e-01 5.0800000e+00 4.1876512e-01 -7.6282008e-01 4.9247948e-01 -1.8681100e+03 0.0000000e+00 0.0000000e+00 0.0000000e+00 1.0000000e+00
-8.9067720e-02 -5.3422882e-01 -8.4053134e-01 -1.9099000e+02 8.6000198e-01 3.8438988e-01 -3.3547414e-01 -1.0350000e+01 5.0228474e-01 -7.5282526e-01 4.2529116e-01 -1.8796700e+03 0.0000000e+00 0.0000000e+00 0.0000000e+00 1.0000000e+00
-1.6513572e-01 -5.3526830e-01 -8.2827542e-01 -1.8872000e+02 8.3378470e-01 3.7274550e-01 -4.0714630e-01 -2.1930000e+01 5.2664542e-01 -7.5792670e-01 3.8483478e-01 -1.8862000e+03 0.0000000e+00 0.0000000e+00 0.0000000e+00 1.0000000e+00
-2.4612578e-01 -5.1551010e-01 -8.2061910e-01 -1.8735000e+02 8.2034190e-01 3.4000750e-01 -4.5967230e-01 -3.0260000e+01 5.1595110e-01 -7.8645330e-01 3.3933772e-01 -1.8939300e+03 0.0000000e+00 0.0000000e+00 0.0000000e+00 1.0000000e+00
-3.2838850e-01 -5.0239890e-01 -7.9962570e-01 -1.8369000e+02 7.8944130e-01 3.1865372e-01 -5.2446174e-01 -4.0420000e+01 5.1825510e-01 -8.0366226e-01 2.9214622e-01 -1.9017000e+03 0.0000000e+00 0.0000000e+00 0.0000000e+00 1.0000000e+00
-3.8634282e-01 -4.8753374e-01 -7.8263600e-01 -1.8070000e+02 7.5865874e-01 3.1435718e-01 -5.7039800e-01 -4.7810000e+01 5.2406600e-01 -8.1438800e-01 2.4867500e-01 -1.9091100e+03 0.0000000e+00 0.0000000e+00 0.0000000e+00 1.0000000e+00
-4.0403762e-01 -4.9279014e-01 -7.7058822e-01 -1.7867000e+02 7.3179786e-01 3.3126542e-01 -5.9555434e-01 -5.1650000e+01 5.4874422e-01 -8.0459366e-01 2.2682780e-01 -1.9125900e+03 0.0000000e+00 0.0000000e+00 0.0000000e+00 1.0000000e+00
-4.1302096e-01 -4.8454488e-01 -7.7079632e-01 -1.7837000e+02 7.0461072e-01 3.6604054e-01 -6.0771078e-01 -5.3880000e+01 5.7657128e-01 -7.9435818e-01 1.9045334e-01 -1.9185500e+03 0.0000000e+00 0.0000000e+00 0.0000000e+00 1.0000000e+00
-4.4128584e-01 -5.0631572e-01 -7.4056300e-01 -1.7350000e+02 6.6565420e-01 3.6861630e-01 -6.4870430e-01 -6.0300000e+01 6.0140972e-01 -7.7945954e-01 1.7457270e-01 -1.9212600e+03 0.0000000e+00 0.0000000e+00 0.0000000e+00 1.0000000e+00
-4.8588340e-01 -4.9350358e-01 -7.2112454e-01 -1.7001000e+02 6.3744958e-01 3.6428358e-01 -6.7882646e-01 -6.5020000e+01 5.9768254e-01 -7.8968446e-01 1.3773302e-01 -1.9273600e+03 0.0000000e+00 0.0000000e+00 0.0000000e+00 1.0000000e+00
-5.230125e-01 -4.937921e-01 -6.945897e-01 -1.655400e+02 5.993361e-01 3.663150e-01 -7.117147e-01 -7.012000e+01 6.058727e-01 -7.886133e-01 1.044315e-01 -1.932960e+03 0.000000e+00 0.000000e+00 0.000000e+00 1.000000e+00
-5.4741186e-01 -4.9058188e-01 -6.7778486e-01 -1.6253000e+02 5.7046756e-01 3.7375640e-01 -7.3127332e-01 -7.3380000e+01 6.1206998e-01 -7.8709804e-01 7.5374300e-02 -1.9374100e+03 0.0000000e+00 0.0000000e+00 0.0000000e+00 1.0000000e+00
-5.4174946e-01 -4.8840332e-01 -6.8390546e-01 -1.6311000e+02 5.7963596e-01 3.7209564e-01 -7.2489172e-01 -7.2660000e+01 6.0851182e-01 -7.8924524e-01 8.1612140e-02 -1.9367800e+03 0.0000000e+00 0.0000000e+00 0.0000000e+00 1.0000000e+00
-4.5457780e-01 -4.8090066e-01 -7.4928922e-01 -1.7416000e+02 6.7073646e-01 3.6847468e-01 -6.4346934e-01 -5.9860000e+01 5.8550182e-01 -7.9540854e-01 1.5533852e-01 -1.9245300e+03 0.0000000e+00 0.0000000e+00 0.0000000e+00 1.0000000e+00
-3.1711850e-01 -4.9554588e-01 -8.0847234e-01 -1.8406000e+02 7.7035020e-01 3.6253976e-01 -5.2441212e-01 -4.1070000e+01 5.5295010e-01 -7.8922860e-01 2.6688830e-01 -1.9060100e+03 0.0000000e+00 0.0000000e+00 0.0000000e+00 1.0000000e+00
-1.0320586e-01 -5.2864108e-01 -8.4238666e-01 -1.9054000e+02 7.9756204e-01 4.6201464e-01 -3.8769148e-01 -1.8510000e+01 5.9411402e-01 -7.1200316e-01 3.7406654e-01 -1.8884500e+03 0.0000000e+00 0.0000000e+00 0.0000000e+00 1.0000000e+00
2.2806638e-01 -4.5741278e-01 -8.5943812e-01 -1.9453000e+02 7.0065118e-01 6.9003686e-01 -1.8134692e-01 1.4830000e+01 6.7597948e-01 -5.6086748e-01 4.7790648e-01 -1.8716100e+03 0.0000000e+00 0.0000000e+00 0.0000000e+00 1.0000000e+00
4.5361622e-01 -3.3810140e-01 -8.2448022e-01 -1.8947000e+02 4.9323260e-01 8.6583800e-01 -8.3718600e-02 3.1100000e+01 7.4216022e-01 -3.6874740e-01 5.5955422e-01 -1.8582500e+03 0.0000000e+00 0.0000000e+00 0.0000000e+00 1.0000000e+00
5.9310684e-01 -5.5033260e-02 -8.0321822e-01 -1.8651000e+02 8.6663980e-02 9.9622830e-01 -4.2654600e-03 4.4490000e+01 8.0042334e-01 -6.7083380e-02 5.9563950e-01 -1.8526700e+03 0.0000000e+00 0.0000000e+00 0.0000000e+00 1.0000000e+00
5.6721180e-01 2.4386614e-01 -7.8656982e-01 -1.8523000e+02 -2.8736778e-01 9.5371980e-01 8.8468940e-02 6.0340000e+01 7.7173994e-01 1.7588718e-01 6.1105164e-01 -1.8518200e+03 0.0000000e+00 0.0000000e+00 0.0000000e+00 1.0000000e+00
NaN NaN NaN NaN NaN NaN NaN NaN NaN NaN NaN NaN 0.0 0.0 0.0 1.0
NaN NaN NaN NaN NaN NaN NaN NaN NaN NaN NaN NaN 0.0 0.0 0.0 1.0
1.2589020e-01 6.1643264e-01 -7.7701132e-01 -1.8308000e+02 -5.7650828e-01 6.8295500e-01 4.4839696e-01 1.1964000e+02 8.0707744e-01 3.9170452e-01 4.4150636e-01 -1.8797900e+03 0.0000000e+00 0.0000000e+00 0.0000000e+00 1.0000000e+00
7.2843120e-02 6.0744068e-01 -7.9083900e-01 -1.8470000e+02 -5.3077332e-01 6.9500502e-01 4.8492730e-01 1.2556000e+02 8.4420980e-01 3.8456550e-01 3.7313214e-01 -1.8903600e+03 0.0000000e+00 0.0000000e+00 0.0000000e+00 1.0000000e+00
9.2690400e-02 4.8944344e-01 -8.6694888e-01 -1.9693000e+02 -4.6770936e-01 7.9013784e-01 3.9607016e-01 1.1082000e+02 8.7886472e-01 3.6887496e-01 3.0221400e-01 -1.9022100e+03 0.0000000e+00 0.0000000e+00 0.0000000e+00 1.0000000e+00
5.7458300e-02 4.4752832e-01 -8.9224464e-01 -2.0055000e+02 -3.0307456e-01 8.5948910e-01 4.1155452e-01 1.1292000e+02 9.5106672e-01 2.4687996e-01 1.8506424e-01 -1.9207100e+03 0.0000000e+00 0.0000000e+00 0.0000000e+00 1.0000000e+00
2.0528060e-02 4.5196180e-01 -8.9158916e-01 -2.0018000e+02 -2.3502116e-01 8.6912966e-01 4.3511860e-01 1.1662000e+02 9.7157900e-01 2.0073284e-01 1.2410736e-01 -1.9307400e+03 0.0000000e+00 0.0000000e+00 0.0000000e+00 1.0000000e+00
-2.0286160e-02 4.7299396e-01 -8.8057664e-01 -1.9827000e+02 -2.0344004e-01 8.6057240e-01 4.6686808e-01 1.2186000e+02 9.7864736e-01 1.8876008e-01 7.8820800e-02 -1.9382800e+03 0.0000000e+00 0.0000000e+00 0.0000000e+00 1.0000000e+00
-6.9742500e-02 4.9947350e-01 -8.6334600e-01 -1.9544000e+02 -1.4621370e-01 8.5112118e-01 5.0415584e-01 1.2756000e+02 9.8664160e-01 1.6148616e-01 1.3702680e-02 -1.9488800e+03 0.0000000e+00 0.0000000e+00 0.0000000e+00 1.0000000e+00
NaN NaN NaN NaN NaN NaN NaN NaN NaN NaN NaN NaN 0.0 0.0 0.0 1.0
NaN NaN NaN NaN NaN NaN NaN NaN NaN NaN NaN NaN 0.0 0.0 0.0 1.0
-1.5592324e-01 5.3968878e-01 -8.2698050e-01 -1.8903000e+02 -2.4880500e-02 8.3506780e-01 5.4951570e-01 1.3451000e+02 9.8718878e-01 1.0640754e-01 -1.1673220e-01 -1.9708700e+03 0.0000000e+00 0.0000000e+00 0.0000000e+00 1.0000000e+00
-1.5302148e-01 5.4214738e-01 -8.2596570e-01 -1.8881000e+02 -8.8963800e-03 8.3523852e-01 5.4975850e-01 1.3462000e+02 9.8795950e-01 9.1595700e-02 -1.2294900e-01 -1.9716800e+03 0.0000000e+00 0.0000000e+00 0.0000000e+00 1.0000000e+00
-6.7940000e-02 4.7845860e-01 -8.7523980e-01 -1.9716000e+02 -9.0933000e-02 8.7084208e-01 4.8302676e-01 1.2437000e+02 9.9332700e-01 1.1252124e-01 -1.5621920e-02 -1.9535100e+03 0.0000000e+00 0.0000000e+00 0.0000000e+00 1.0000000e+00
6.8782080e-02 3.9767792e-01 -9.1468784e-01 -2.0406000e+02 -1.7127088e-01 9.0816888e-01 3.8190244e-01 1.0811000e+02 9.8258224e-01 1.3051996e-01 1.3061496e-01 -1.9294600e+03 0.0000000e+00 0.0000000e+00 0.0000000e+00 1.0000000e+00
2.2021272e-01 3.1179848e-01 -9.2422248e-01 -2.0607000e+02 -2.0536488e-01 9.4111344e-01 2.6855752e-01 8.9500000e+01 9.5353592e-01 1.3068888e-01 2.7128472e-01 -1.9066700e+03 0.0000000e+00 0.0000000e+00 0.0000000e+00 1.0000000e+00
3.8908140e-01 2.0891036e-01 -8.9713552e-01 -2.0181000e+02 -1.1028320e-01 9.7750220e-01 1.7978500e-01 7.4470000e+01 9.1451260e-01 2.9008480e-02 4.0337084e-01 -1.8840300e+03 0.0000000e+00 0.0000000e+00 0.0000000e+00 1.0000000e+00
5.9479820e-01 -3.8104500e-02 -8.0291450e-01 -1.8655000e+02 2.0449710e-01 9.7318572e-01 1.0528266e-01 6.1460000e+01 7.7737030e-01 -2.2682934e-01 5.8664348e-01 -1.8528800e+03 0.0000000e+00 0.0000000e+00 0.0000000e+00 1.0000000e+00
NaN NaN NaN NaN NaN NaN NaN NaN NaN NaN NaN NaN 0.0 0.0 0.0 1.0
NaN NaN NaN NaN NaN NaN NaN NaN NaN NaN NaN NaN 0.0 0.0 0.0 1.0
NaN NaN NaN NaN NaN NaN NaN NaN NaN NaN NaN NaN 0.0 0.0 0.0 1.0
-1.2572500e-02 -4.9854500e-01 -8.6662900e-01 -1.9519000e+02 9.5805820e-01 2.4186392e-01 -1.5310096e-01 1.9420000e+01 2.8586260e-01 -8.3232704e-01 4.7474742e-01 -1.8708900e+03 0.0000000e+00 0.0000000e+00 0.0000000e+00 1.0000000e+00
9.8675020e-02 -4.9853544e-01 -8.6117364e-01 -1.9434000e+02 8.0973096e-01 5.4324838e-01 -2.2172832e-01 7.7100000e+00 5.7835404e-01 -6.7549248e-01 4.5733240e-01 -1.8742800e+03 0.0000000e+00 0.0000000e+00 0.0000000e+00 1.0000000e+00
1.4824022e-01 -4.1302454e-01 -8.9846280e-01 -2.0086000e+02 6.1948454e-01 7.4699222e-01 -2.4120960e-01 5.1900000e+00 7.7075520e-01 -5.2091640e-01 3.6665200e-01 -1.8896600e+03 0.0000000e+00 0.0000000e+00 0.0000000e+00 1.0000000e+00
1.6009910e-01 -3.0062926e-01 -9.4015548e-01 -2.0756000e+02 4.1863474e-01 8.8325846e-01 -2.1115356e-01 1.0270000e+01 8.9387652e-01 -3.5980956e-01 2.6727580e-01 -1.9057200e+03 0.0000000e+00 0.0000000