[array([[-1.1909386e-01, -1.4073614e-01, -9.8271544e-01, -1.6252000e+02],
       [ 3.5336126e-01,  9.1906230e-01, -1.7447072e-01,  9.4080000e+01],
       [ 9.2772416e-01, -3.6809992e-01, -5.9706400e-02, -1.9380700e+03],
       [ 0.0000000e+00,  0.0000000e+00,  0.0000000e+00,  1.0000000e+00]]), array([[nan, nan, nan, nan],
       [nan, nan, nan, nan],
       [nan, nan, nan, nan],
       [ 0.,  0.,  0.,  1.]])][array([[-1.1909386e-01, -1.4073614e-01, -9.8271544e-01, -1.6252000e+02],
       [ 3.5336126e-01,  9.1906230e-01, -1.7447072e-01,  9.4080000e+01],
       [ 9.2772416e-01, -3.6809992e-01, -5.9706400e-02, -1.9380700e+03],
       [ 0.0000000e+00,  0.0000000e+00,  0.0000000e+00,  1.0000000e+00]]), array([[nan, nan, nan, nan],
       [nan, nan, nan, nan],
       [nan, nan, nan, nan],
       [ 0.,  0.,  0.,  1.]])][array([[-1.1909386e-01, -1.4073614e-01, -9.8271544e-01, -1.6252000e+02],
       [ 3.5336126e-01,  9.1906230e-01, -1.7447072e-01,  9.4080000e+01],
       [ 9.2772416e-01, -3.6809992e-01, -5.9706400e-02, -1.9380700e+03],
       [ 0.0000000e+00,  0.0000000e+00,  0.0000000e+00,  1.0000000e+00]]), array([[nan, nan, nan, nan],
       [nan, nan, nan, nan],
       [nan, nan, nan, nan],
       [ 0.,  0.,  0.,  1.]])][array([[-1.2047784e-01, -1.4146520e-01, -9.8241240e-01, -1.6208000e+02],
       [ 3.5304840e-01,  9.1895448e-01, -1.7565592e-01,  9.4160000e+01],
       [ 9.2763320e-01, -3.6808392e-01, -6.0748320e-02, -1.9381700e+03],
       [ 0.0000000e+00,  0.0000000e+00,  0.0000000e+00,  1.0000000e+00]]), array([[nan, nan, nan, nan],
       [nan, nan, nan, nan],
       [nan, nan, nan, nan],
       [ 0.,  0.,  0.,  1.]])][array([[-1.2047784e-01, -1.4146520e-01, -9.8241240e-01, -1.6208000e+02],
       [ 3.5304840e-01,  9.1895448e-01, -1.7565592e-01,  9.4160000e+01],
       [ 9.2763320e-01, -3.6808392e-01, -6.0748320e-02, -1.9381700e+03],
       [ 0.0000000e+00,  0.0000000e+00,  0.0000000e+00,  1.0000000e+00]]), array([[nan, nan, nan, nan],
       [nan, nan, nan, nan],
       [nan, nan, nan, nan],
       [ 0.,  0.,  0.,  1.]])][array([[-1.2047784e-01, -1.4146520e-01, -9.8241240e-01, -1.6208000e+02],
       [ 3.5304840e-01,  9.1895448e-01, -1.7565592e-01,  9.4160000e+01],
       [ 9.2763320e-01, -3.6808392e-01, -6.0748320e-02, -1.9381700e+03],
       [ 0.0000000e+00,  0.0000000e+00,  0.0000000e+00,  1.0000000e+00]]), array([[nan, nan, nan, nan],
       [nan, nan, nan, nan],
       [nan, nan, nan, nan],
       [ 0.,  0.,  0.,  1.]])][array([[-1.2352602e-01, -1.4304754e-01, -9.8172376e-01, -1.6150000e+02],
       [ 3.5706754e-01,  9.1683110e-01, -1.7856848e-01,  9.4240000e+01],
       [ 9.2560624e-01, -3.7272152e-01, -6.2142880e-02, -1.9384500e+03],
       [ 0.0000000e+00,  0.0000000e+00,  0.0000000e+00,  1.0000000e+00]]), array([[nan, nan, nan, nan],
       [nan, nan, nan, nan],
       [nan, nan, nan, nan],
       [ 0.,  0.,  0.,  1.]])][array([[-1.2352602e-01, -1.4304754e-01, -9.8172376e-01, -1.6150000e+02],
       [ 3.5706754e-01,  9.1683110e-01, -1.7856848e-01,  9.4240000e+01],
       [ 9.2560624e-01, -3.7272152e-01, -6.2142880e-02, -1.9384500e+03],
       [ 0.0000000e+00,  0.0000000e+00,  0.0000000e+00,  1.0000000e+00]]), array([[nan, nan, nan, nan],
       [nan, nan, nan, nan],
       [nan, nan, nan, nan],
       [ 0.,  0.,  0.,  1.]])][array([[-1.2352602e-01, -1.4304754e-01, -9.8172376e-01, -1.6150000e+02],
       [ 3.5706754e-01,  9.1683110e-01, -1.7856848e-01,  9.4240000e+01],
       [ 9.2560624e-01, -3.7272152e-01, -6.2142880e-02, -1.9384500e+03],
       [ 0.0000000e+00,  0.0000000e+00,  0.0000000e+00,  1.0000000e+00]]), array([[nan, nan, nan, nan],
       [nan, nan, nan, nan],
       [nan, nan, nan, nan],
       [ 0.,  0.,  0.,  1.]])][array([[-1.2395410e-01, -1.4373224e-01, -9.8154642e-01, -1.6130000e+02],
       [ 3.5578072e-01,  9.1718876e-01, -1.7928984e-01,  9.4200000e+01],
       [ 9.2601966e-01, -3.7157208e-01, -6.2517300e-02, -1.9386200e+03],
       [ 0.0000000e+00,  0.0000000e+00,  0.0000000e+00,  1.0000000e+00]]), array([[nan, nan, nan, nan],
       [nan, nan, nan, nan],
       [nan, nan, nan, nan],
       [ 0.,  0.,  0.,  1.]])][array([[-1.2395410e-01, -1.4373224e-01, -9.8154642e-01, -1.6130000e+02],
       [ 3.5578072e-01,  9.1718876e-01, -1.7928984e-01,  9.4200000e+01],
       [ 9.2601966e-01, -3.7157208e-01, -6.2517300e-02, -1.9386200e+03],
       [ 0.0000000e+00,  0.0000000e+00,  0.0000000e+00,  1.0000000e+00]]), array([[nan, nan, nan, nan],
       [nan, nan, nan, nan],
       [nan, nan, nan, nan],
       [ 0.,  0.,  0.,  1.]])][array([[-1.2395410e-01, -1.4373224e-01, -9.8154642e-01, -1.6130000e+02],
       [ 3.5578072e-01,  9.1718876e-01, -1.7928984e-01,  9.4200000e+01],
       [ 9.2601966e-01, -3.7157208e-01, -6.2517300e-02, -1.9386200e+03],
       [ 0.0000000e+00,  0.0000000e+00,  0.0000000e+00,  1.0000000e+00]]), array([[nan, nan, nan, nan],
       [nan, nan, nan, nan],
       [nan, nan, nan, nan],
       [ 0.,  0.,  0.,  1.]])][array([[-1.2474858e-01, -1.4645886e-01, -9.8116716e-01, -1.6123000e+02],
       [ 3.5279106e-01,  9.1784150e-01, -1.8188908e-01,  9.3780000e+01],
       [ 9.2718804e-01, -3.6891052e-01, -6.2810920e-02, -1.9385500e+03],
       [ 0.0000000e+00,  0.0000000e+00,  0.0000000e+00,  1.0000000e+00]]), array([[nan, nan, nan, nan],
       [nan, nan, nan, nan],
       [nan, nan, nan, nan],
       [ 0.,  0.,  0.,  1.]])][array([[-1.2474858e-01, -1.4645886e-01, -9.8116716e-01, -1.6123000e+02],
       [ 3.5279106e-01,  9.1784150e-01, -1.8188908e-01,  9.3780000e+01],
       [ 9.2718804e-01, -3.6891052e-01, -6.2810920e-02, -1.9385500e+03],
       [ 0.0000000e+00,  0.0000000e+00,  0.0000000e+00,  1.0000000e+00]]), array([[nan, nan, nan, nan],
       [nan, nan, nan, nan],
       [nan, nan, nan, nan],
       [ 0.,  0.,  0.,  1.]])][array([[-1.2474858e-01, -1.4645886e-01, -9.8116716e-01, -1.6123000e+02],
       [ 3.5279106e-01,  9.1784150e-01, -1.8188908e-01,  9.3780000e+01],
       [ 9.2718804e-01, -3.6891052e-01, -6.2810920e-02, -1.9385500e+03],
       [ 0.0000000e+00,  0.0000000e+00,  0.0000000e+00,  1.0000000e+00]]), array([[nan, nan, nan, nan],
       [nan, nan, nan, nan],
       [nan, nan, nan, nan],
       [ 0.,  0.,  0.,  1.]])][array([[-1.2474858e-01, -1.4929168e-01, -9.8073612e-01, -1.6115000e+02],
       [ 3.5011008e-01,  9.1837464e-01, -1.8436028e-01,  9.3350000e+01],
       [ 9.2819948e-01, -3.6643932e-01, -6.2277780e-02, -1.9386200e+03],
       [ 0.0000000e+00,  0.0000000e+00,  0.0000000e+00,  1.0000000e+00]]), array([[nan, nan, nan, nan],
       [nan, nan, nan, nan],
       [nan, nan, nan, nan],
       [ 0.,  0.,  0.,  1.]])][array([[-1.2474858e-01, -1.4929168e-01, -9.8073612e-01, -1.6115000e+02],
       [ 3.5011008e-01,  9.1837464e-01, -1.8436028e-01,  9.3350000e+01],
       [ 9.2819948e-01, -3.6643932e-01, -6.2277780e-02, -1.9386200e+03],
       [ 0.0000000e+00,  0.0000000e+00,  0.0000000e+00,  1.0000000e+00]]), array([[nan, nan, nan, nan],
       [nan, nan, nan, nan],
       [nan, nan, nan, nan],
       [ 0.,  0.,  0.,  1.]])][array([[-1.2474858e-01, -1.4929168e-01, -9.8073612e-01, -1.6115000e+02],
       [ 3.5011008e-01,  9.1837464e-01, -1.8436028e-01,  9.3350000e+01],
       [ 9.2819948e-01, -3.6643932e-01, -6.2277780e-02, -1.9386200e+03],
       [ 0.0000000e+00,  0.0000000e+00,  0.0000000e+00,  1.0000000e+00]]), array([[nan, nan, nan, nan],
       [nan, nan, nan, nan],
       [nan, nan, nan, nan],
       [ 0.,  0.,  0.,  1.]])][array([[-1.2673250e-01, -1.5060270e-01, -9.8028390e-01, -1.6107000e+02],
       [ 3.5010750e-01,  9.1798012e-01, -1.8632046e-01,  9.3000000e+01],
       [ 9.2793450e-01, -3.6689154e-01, -6.3591380e-02, -1.9385900e+03],
       [ 0.0000000e+00,  0.0000000e+00,  0.0000000e+00,  1.0000000e+00]]), array([[nan, nan, nan, nan],
       [nan, nan, nan, nan],
       [nan, nan, nan, nan],
       [ 0.,  0.,  0.,  1.]])][array([[-1.2673250e-01, -1.5060270e-01, -9.8028390e-01, -1.6107000e+02],
       [ 3.5010750e-01,  9.1798012e-01, -1.8632046e-01,  9.3000000e+01],
       [ 9.2793450e-01, -3.6689154e-01, -6.3591380e-02, -1.9385900e+03],
       [ 0.0000000e+00,  0.0000000e+00,  0.0000000e+00,  1.0000000e+00]]), array([[nan, nan, nan, nan],
       [nan, nan, nan, nan],
       [nan, nan, nan, nan],
       [ 0.,  0.,  0.,  1.]])][array([[-1.2673250e-01, -1.5060270e-01, -9.8028390e-01, -1.6107000e+02],
       [ 3.5010750e-01,  9.1798012e-01, -1.8632046e-01,  9.3000000e+01],
       [ 9.2793450e-01, -3.6689154e-01, -6.3591380e-02, -1.9385900e+03],
       [ 0.0000000e+00,  0.0000000e+00,  0.0000000e+00,  1.0000000e+00]]), array([[nan, nan, nan, nan],
       [nan, nan, nan, nan],
       [nan, nan, nan, nan],
       [ 0.,  0.,  0.,  1.]])][array([[-1.2738960e-01, -1.5135660e-01, -9.8007940e-01, -1.6108000e+02],
       [ 3.4946396e-01,  9.1804080e-01, -1.8722628e-01,  9.2850000e+01],
       [ 9.2808372e-01, -3.6642860e-01, -6.4035360e-02, -1.9384300e+03],
       [ 0.0000000e+00,  0.0000000e+00,  0.0000000e+00,  1.0000000e+00]]), array([[nan, nan, nan, nan],
       [nan, nan, nan, nan],
       [nan, nan, nan, nan],
       [ 0.,  0.,  0.,  1.]])][array([[-1.2738960e-01, -1.5135660e-01, -9.8007940e-01, -1.6108000e+02],
       [ 3.4946396e-01,  9.1804080e-01, -1.8722628e-01,  9.2850000e+01],
       [ 9.2808372e-01, -3.6642860e-01, -6.4035360e-02, -1.9384300e+03],
       [ 0.0000000e+00,  0.0000000e+00,  0.0000000e+00,  1.0000000e+00]]), array([[nan, nan, nan, nan],
       [nan, nan, nan, nan],
       [nan, nan, nan, nan],
       [ 0.,  0.,  0.,  1.]])][array([[-1.2738960e-01, -1.5135660e-01, -9.8007940e-01, -1.6108000e+02],
       [ 3.4946396e-01,  9.1804080e-01, -1.8722628e-01,  9.2850000e+01],
       [ 9.2808372e-01, -3.6642860e-01, -6.4035360e-02, -1.9384300e+03],
       [ 0.0000000e+00,  0.0000000e+00,  0.0000000e+00,  1.0000000e+00]]), array([[nan, nan, nan, nan],
       [nan, nan, nan, nan],
       [nan, nan, nan, nan],
       [ 0.,  0.,  0.,  1.]])][array([[-1.2457186e-01, -1.5274392e-01, -9.8023308e-01, -1.6144000e+02],
       [ 3.4432872e-01,  9.1999712e-01, -1.8714192e-01,  9.2550000e+01],
       [ 9.3038988e-01, -3.6090672e-01, -6.1992980e-02, -1.9385100e+03],
       [ 0.0000000e+00,  0.0000000e+00,  0.0000000e+00,  1.0000000e+00]]), array([[nan, nan, nan, nan],
       [nan, nan, nan, nan],
       [nan, nan, nan, nan],
       [ 0.,  0.,  0.,  1.]])][array([[-1.2457186e-01, -1.5274392e-01, -9.8023308e-01, -1.6144000e+02],
       [ 3.4432872e-01,  9.1999712e-01, -1.8714192e-01,  9.2550000e+01],
       [ 9.3038988e-01, -3.6090672e-01, -6.1992980e-02, -1.9385100e+03],
       [ 0.0000000e+00,  0.0000000e+00,  0.0000000e+00,  1.0000000e+00]]), array([[nan, nan, nan, nan],
       [nan, nan, nan, nan],
       [nan, nan, nan, nan],
       [ 0.,  0.,  0.,  1.]])][array([[-1.2457186e-01, -1.5274392e-01, -9.8023308e-01, -1.6144000e+02],
       [ 3.4432872e-01,  9.1999712e-01, -1.8714192e-01,  9.2550000e+01],
       [ 9.3038988e-01, -3.6090672e-01, -6.1992980e-02, -1.9385100e+03],
       [ 0.0000000e+00,  0.0000000e+00,  0.0000000e+00,  1.0000000e+00]]), array([[nan, nan, nan, nan],
       [nan, nan, nan, nan],
       [nan, nan, nan, nan],
       [ 0.,  0.,  0.,  1.]])][array([[-1.2675592e-01, -1.5199348e-01, -9.8002464e-01, -1.6172000e+02],
       [ 3.4492532e-01,  9.1974008e-01, -1.8728976e-01,  9.2180000e+01],
       [ 9.2982624e-01, -3.6186864e-01, -6.4131840e-02, -1.9387700e+03],
       [ 0.0000000e+00,  0.0000000e+00,  0.0000000e+00,  1.0000000e+00]]), array([[nan, nan, nan, nan],
       [nan, nan, nan, nan],
       [nan, nan, nan, nan],
       [ 0.,  0.,  0.,  1.]])][array([[-1.2675592e-01, -1.5199348e-01, -9.8002464e-01, -1.6172000e+02],
       [ 3.4492532e-01,  9.1974008e-01, -1.8728976e-01,  9.2180000e+01],
       [ 9.2982624e-01, -3.6186864e-01, -6.4131840e-02, -1.9387700e+03],
       [ 0.0000000e+00,  0.0000000e+00,  0.0000000e+00,  1.0000000e+00]]), array([[nan, nan, nan, nan],
       [nan, nan, nan, nan],
       [nan, nan, nan, nan],
       [ 0.,  0.,  0.,  1.]])][array([[-1.2675592e-01, -1.5199348e-01, -9.8002464e-01, -1.6172000e+02],
       [ 3.4492532e-01,  9.1974008e-01, -1.8728976e-01,  9.2180000e+01],
       [ 9.2982624e-01, -3.6186864e-01, -6.4131840e-02, -1.9387700e+03],
       [ 0.0000000e+00,  0.0000000e+00,  0.0000000e+00,  1.0000000e+00]]), array([[nan, nan, nan, nan],
       [nan, nan, nan, nan],
       [nan, nan, nan, nan],
       [ 0.,  0.,  0.,  1.]])][array([[-1.2799410e-01, -1.5097274e-01, -9.7991852e-01, -1.6199000e+02],
       [ 3.4575514e-01,  9.1950438e-01, -1.8687796e-01,  9.1940000e+01],
       [ 9.2923972e-01, -3.6287356e-01, -6.5454480e-02, -1.9392300e+03],
       [ 0.0000000e+00,  0.0000000e+00,  0.0000000e+00,  1.0000000e+00]]), array([[nan, nan, nan, nan],
       [nan, nan, nan, nan],
       [nan, nan, nan, nan],
       [ 0.,  0.,  0.,  1.]])][array([[-1.2799410e-01, -1.5097274e-01, -9.7991852e-01, -1.6199000e+02],
       [ 3.4575514e-01,  9.1950438e-01, -1.8687796e-01,  9.1940000e+01],
       [ 9.2923972e-01, -3.6287356e-01, -6.5454480e-02, -1.9392300e+03],
       [ 0.0000000e+00,  0.0000000e+00,  0.0000000e+00,  1.0000000e+00]]), array([[nan, nan, nan, nan],
       [nan, nan, nan, nan],
       [nan, nan, nan, nan],
       [ 0.,  0.,  0.,  1.]])][array([[-1.2799410e-01, -1.5097274e-01, -9.7991852e-01, -1.6199000e+02],
       [ 3.4575514e-01,  9.1950438e-01, -1.8687796e-01,  9.1940000e+01],
       [ 9.2923972e-01, -3.6287356e-01, -6.5454480e-02, -1.9392300e+03],
       [ 0.0000000e+00,  0.0000000e+00,  0.0000000e+00,  1.0000000e+00]]), array([[nan, nan, nan, nan],
       [nan, nan, nan, nan],
       [nan, nan, nan, nan],
       [ 0.,  0.,  0.,  1.]])][array([[-1.2887242e-01, -1.5064576e-01, -9.7994836e-01, -1.6257000e+02],
       [ 3.5174096e-01,  9.1715480e-01, -1.8728612e-01,  9.1440000e+01],
       [ 9.2696884e-01, -3.6892228e-01, -6.5181780e-02, -1.9392800e+03],
       [ 0.0000000e+00,  0.0000000e+00,  0.0000000e+00,  1.0000000e+00]]), array([[nan, nan, nan, nan],
       [nan, nan, nan, nan],
       [nan, nan, nan, nan],
       [ 0.,  0.,  0.,  1.]])][array([[-1.2887242e-01, -1.5064576e-01, -9.7994836e-01, -1.6257000e+02],
       [ 3.5174096e-01,  9.1715480e-01, -1.8728612e-01,  9.1440000e+01],
       [ 9.2696884e-01, -3.6892228e-01, -6.5181780e-02, -1.9392800e+03],
       [ 0.0000000e+00,  0.0000000e+00,  0.0000000e+00,  1.0000000e+00]]), array([[nan, nan, nan, nan],
       [nan, nan, nan, nan],
       [nan, nan, nan, nan],
       [ 0.,  0.,  0.,  1.]])][array([[-1.2887242e-01, -1.5064576e-01, -9.7994836e-01, -1.6257000e+02],
       [ 3.5174096e-01,  9.1715480e-01, -1.8728612e-01,  9.1440000e+01],
       [ 9.2696884e-01, -3.6892228e-01, -6.5181780e-02, -1.9392800e+03],
       [ 0.0000000e+00,  0.0000000e+00,  0.0000000e+00,  1.0000000e+00]]), array([[nan, nan, nan, nan],
       [nan, nan, nan, nan],
       [nan, nan, nan, nan],
       [ 0.,  0.,  0.,  1.]])][array([[-1.2685546e-01, -1.5605760e-01, -9.7939954e-01, -1.6345000e+02],
       [ 3.4822296e-01,  9.1766064e-01, -1.9135200e-01,  9.0110000e+01],
       [ 9.2861090e-01, -3.6540504e-01, -6.2045860e-02, -1.9390400e+03],
       [ 0.0000000e+00,  0.0000000e+00,  0.0000000e+00,  1.0000000e+00]]), array([[nan, nan, nan, nan],
       [nan, nan, nan, nan],
       [nan, nan, nan, nan],
       [ 0.,  0.,  0.,  1.]])][array([[-1.2685546e-01, -1.5605760e-01, -9.7939954e-01, -1.6345000e+02],
       [ 3.4822296e-01,  9.1766064e-01, -1.9135200e-01,  9.0110000e+01],
       [ 9.2861090e-01, -3.6540504e-01, -6.2045860e-02, -1.9390400e+03],
       [ 0.0000000e+00,  0.0000000e+00,  0.0000000e+00,  1.0000000e+00]]), array([[nan, nan, nan, nan],
       [nan, nan, nan, nan],
       [nan, nan, nan, nan],
       [ 0.,  0.,  0.,  1.]])][array([[-1.2685546e-01, -1.5605760e-01, -9.7939954e-01, -1.6345000e+02],
       [ 3.4822296e-01,  9.1766064e-01, -1.9135200e-01,  9.0110000e+01],
       [ 9.2861090e-01, -3.6540504e-01, -6.2045860e-02, -1.9390400e+03],
       [ 0.0000000e+00,  0.0000000e+00,  0.0000000e+00,  1.0000000e+00]]), array([[nan, nan, nan, nan],
       [nan, nan, nan, nan],
       [nan, nan, nan, nan],
       [ 0.,  0.,  0.,  1.]])][array([[-1.2267780e-01, -1.6339960e-01, -9.7868420e-01, -1.6468000e+02],
       [ 3.4779836e-01,  9.1669020e-01, -1.9668152e-01,  8.8090000e+01],
       [ 9.2927848e-01, -3.6462020e-01, -5.5598760e-02, -1.9390400e+03],
       [ 0.0000000e+00,  0.0000000e+00,  0.0000000e+00,  1.0000000e+00]]), array([[nan, nan, nan, nan],
       [nan, nan, nan, nan],
       [nan, nan, nan, nan],
       [ 0.,  0.,  0.,  1.]])][array([[-1.2267780e-01, -1.6339960e-01, -9.7868420e-01, -1.6468000e+02],
       [ 3.4779836e-01,  9.1669020e-01, -1.9668152e-01,  8.8090000e+01],
       [ 9.2927848e-01, -3.6462020e-01, -5.5598760e-02, -1.9390400e+03],
       [ 0.0000000e+00,  0.0000000e+00,  0.0000000e+00,  1.0000000e+00]]), array([[nan, nan, nan, nan],
       [nan, nan, nan, nan],
       [nan, nan, nan, nan],
       [ 0.,  0.,  0.,  1.]])][array([[-1.2267780e-01, -1.6339960e-01, -9.7868420e-01, -1.6468000e+02],
       [ 3.4779836e-01,  9.1669020e-01, -1.9668152e-01,  8.8090000e+01],
       [ 9.2927848e-01, -3.6462020e-01, -5.5598760e-02, -1.9390400e+03],
       [ 0.0000000e+00,  0.0000000e+00,  0.0000000e+00,  1.0000000e+00]]), array([[nan, nan, nan, nan],
       [nan, nan, nan, nan],
       [nan, nan, nan, nan],
       [ 0.,  0.,  0.,  1.]])][array([[-1.1906338e-01, -1.7004914e-01, -9.7807350e-01, -1.6654000e+02],
       [ 3.5438786e-01,  9.1302908e-01, -2.0190450e-01,  8.4840000e+01],
       [ 9.2733690e-01, -3.7072830e-01, -4.8425300e-02, -1.9387700e+03],
       [ 0.0000000e+00,  0.0000000e+00,  0.0000000e+00,  1.0000000e+00]]), array([[nan, nan, nan, nan],
       [nan, nan, nan, nan],
       [nan, nan, nan, nan],
       [ 0.,  0.,  0.,  1.]])][array([[-1.1906338e-01, -1.7004914e-01, -9.7807350e-01, -1.6654000e+02],
       [ 3.5438786e-01,  9.1302908e-01, -2.0190450e-01,  8.4840000e+01],
       [ 9.2733690e-01, -3.7072830e-01, -4.8425300e-02, -1.9387700e+03],
       [ 0.0000000e+00,  0.0000000e+00,  0.0000000e+00,  1.0000000e+00]]), array([[nan, nan, nan, nan],
       [nan, nan, nan, nan],
       [nan, nan, nan, nan],
       [ 0.,  0.,  0.,  1.]])][array([[-1.1906338e-01, -1.7004914e-01, -9.7807350e-01, -1.6654000e+02],
       [ 3.5438786e-01,  9.1302908e-01, -2.0190450e-01,  8.4840000e+01],
       [ 9.2733690e-01, -3.7072830e-01, -4.8425300e-02, -1.9387700e+03],
       [ 0.0000000e+00,  0.0000000e+00,  0.0000000e+00,  1.0000000e+00]]), array([[nan, nan, nan, nan],
       [nan, nan, nan, nan],
       [nan, nan, nan, nan],
       [ 0.,  0.,  0.,  1.]])][array([[-1.2286260e-01, -1.7010820e-01, -9.7756100e-01, -1.6895000e+02],
       [ 3.8744308e-01,  8.9876606e-01, -2.0512570e-01,  8.0060000e+01],
       [ 9.1348244e-01, -4.0404442e-01, -4.4490100e-02, -1.9384800e+03],
       [ 0.0000000e+00,  0.0000000e+00,  0.0000000e+00,  1.0000000e+00]]), array([[nan, nan, nan, nan],
       [nan, nan, nan, nan],
       [nan, nan, nan, nan],
       [ 0.,  0.,  0.,  1.]])][array([[-1.2286260e-01, -1.7010820e-01, -9.7756100e-01, -1.6895000e+02],
       [ 3.8744308e-01,  8.9876606e-01, -2.0512570e-01,  8.0060000e+01],
       [ 9.1348244e-01, -4.0404442e-01, -4.4490100e-02, -1.9384800e+03],
       [ 0.0000000e+00,  0.0000000e+00,  0.0000000e+00,  1.0000000e+00]]), array([[nan, nan, nan, nan],
       [nan, nan, nan, nan],
       [nan, nan, nan, nan],
       [ 0.,  0.,  0.,  1.]])][array([[-1.2286260e-01, -1.7010820e-01, -9.7756100e-01, -1.6895000e+02],
       [ 3.8744308e-01,  8.9876606e-01, -2.0512570e-01,  8.0060000e+01],
       [ 9.1348244e-01, -4.0404442e-01, -4.4490100e-02, -1.9384800e+03],
       [ 0.0000000e+00,  0.0000000e+00,  0.0000000e+00,  1.0000000e+00]]), array([[nan, nan, nan, nan],
       [nan, nan, nan, nan],
       [nan, nan, nan, nan],
       [ 0.,  0.,  0.,  1.]])][array([[-1.4299464e-01, -1.5841084e-01, -9.7675452e-01, -1.7189000e+02],
       [ 4.5771012e-01,  8.6457390e-01, -2.0727986e-01,  7.3620000e+01],
       [ 8.7729404e-01, -4.7683278e-01, -5.1082500e-02, -1.9381500e+03],
       [ 0.0000000e+00,  0.0000000e+00,  0.0000000e+00,  1.0000000e+00]]), array([[nan, nan, nan, nan],
       [nan, nan, nan, nan],
       [nan, nan, nan, nan],
       [ 0.,  0.,  0.,  1.]])][array([[-1.4299464e-01, -1.5841084e-01, -9.7675452e-01, -1.7189000e+02],
       [ 4.5771012e-01,  8.6457390e-01, -2.0727986e-01,  7.3620000e+01],
       [ 8.7729404e-01, -4.7683278e-01, -5.1082500e-02, -1.9381500e+03],
       [ 0.0000000e+00,  0.0000000e+00,  0.0000000e+00,  1.0000000e+00]]), array([[nan, nan, nan, nan],
       [nan, nan, nan, nan],
       [nan, nan, nan, nan],
       [ 0.,  0.,  0.,  1.]])][array([[-1.4299464e-01, -1.5841084e-01, -9.7675452e-01, -1.7189000e+02],
       [ 4.5771012e-01,  8.6457390e-01, -2.0727986e-01,  7.3620000e+01],
       [ 8.7729404e-01, -4.7683278e-01, -5.1082500e-02, -1.9381500e+03],
       [ 0.0000000e+00,  0.0000000e+00,  0.0000000e+00,  1.0000000e+00]]), array([[nan, nan, nan, nan],
       [nan, nan, nan, nan],
       [nan, nan, nan, nan],
       [ 0.,  0.,  0.,  1.]])][array([[-1.5439186e-01, -1.7055592e-01, -9.7307176e-01, -1.7469000e+02],
       [ 4.7885144e-01,  8.4862400e-01, -2.2474808e-01,  6.5500000e+01],
       [ 8.6409448e-01, -5.0072056e-01, -4.9326900e-02, -1.9381000e+03],
       [ 0.0000000e+00,  0.0000000e+00,  0.0000000e+00,  1.0000000e+00]]), array([[nan, nan, nan, nan],
       [nan, nan, nan, nan],
       [nan, nan, nan, nan],
       [ 0.,  0.,  0.,  1.]])][array([[-1.5439186e-01, -1.7055592e-01, -9.7307176e-01, -1.7469000e+02],
       [ 4.7885144e-01,  8.4862400e-01, -2.2474808e-01,  6.5500000e+01],
       [ 8.6409448e-01, -5.0072056e-01, -4.9326900e-02, -1.9381000e+03],
       [ 0.0000000e+00,  0.0000000e+00,  0.0000000e+00,  1.0000000e+00]]), array([[nan, nan, nan, nan],
       [nan, nan, nan, nan],
       [nan, nan, nan, nan],
       [ 0.,  0.,  0.,  1.]])][array([[-1.5439186e-01, -1.7055592e-01, -9.7307176e-01, -1.7469000e+02],
       [ 4.7885144e-01,  8.4862400e-01, -2.2474808e-01,  6.5500000e+01],
       [ 8.6409448e-01, -5.0072056e-01, -4.9326900e-02, -1.9381000e+03],
       [ 0.0000000e+00,  0.0000000e+00,  0.0000000e+00,  1.0000000e+00]]), array([[nan, nan, nan, nan],
       [nan, nan, nan, nan],
       [nan, nan, nan, nan],
       [ 0.,  0.,  0.,  1.]])][array([[-1.5300994e-01, -1.9491244e-01, -9.6870326e-01, -1.7717000e+02],
       [ 4.5557284e-01,  8.5602648e-01, -2.4422468e-01,  5.6490000e+01],
       [ 8.7682966e-01, -4.7874988e-01, -4.2160420e-02, -1.9380500e+03],
       [ 0.0000000e+00,  0.0000000e+00,  0.0000000e+00,  1.0000000e+00]]), array([[nan, nan, nan, nan],
       [nan, nan, nan, nan],
       [nan, nan, nan, nan],
       [ 0.,  0.,  0.,  1.]])][array([[-1.5300994e-01, -1.9491244e-01, -9.6870326e-01, -1.7717000e+02],
       [ 4.5557284e-01,  8.5602648e-01, -2.4422468e-01,  5.6490000e+01],
       [ 8.7682966e-01, -4.7874988e-01, -4.2160420e-02, -1.9380500e+03],
       [ 0.0000000e+00,  0.0000000e+00,  0.0000000e+00,  1.0000000e+00]]), array([[nan, nan, nan, nan],
       [nan, nan, nan, nan],
       [nan, nan, nan, nan],
       [ 0.,  0.,  0.,  1.]])][array([[-1.5300994e-01, -1.9491244e-01, -9.6870326e-01, -1.7717000e+02],
       [ 4.5557284e-01,  8.5602648e-01, -2.4422468e-01,  5.6490000e+01],
       [ 8.7682966e-01, -4.7874988e-01, -4.2160420e-02, -1.9380500e+03],
       [ 0.0000000e+00,  0.0000000e+00,  0.0000000e+00,  1.0000000e+00]]), array([[nan, nan, nan, nan],
       [nan, nan, nan, nan],
       [nan, nan, nan, nan],
       [ 0.,  0.,  0.,  1.]])][array([[-1.4895450e-01, -2.2055300e-01, -9.6371110e-01, -1.7961000e+02],
       [ 4.3133500e-01,  8.6263212e-01, -2.6412980e-01,  4.7720000e+01],
       [ 8.8956890e-01, -4.5516020e-01, -3.3313380e-02, -1.9381800e+03],
       [ 0.0000000e+00,  0.0000000e+00,  0.0000000e+00,  1.0000000e+00]]), array([[nan, nan, nan, nan],
       [nan, nan, nan, nan],
       [nan, nan, nan, nan],
       [ 0.,  0.,  0.,  1.]])][array([[-1.4895450e-01, -2.2055300e-01, -9.6371110e-01, -1.7961000e+02],
       [ 4.3133500e-01,  8.6263212e-01, -2.6412980e-01,  4.7720000e+01],
       [ 8.8956890e-01, -4.5516020e-01, -3.3313380e-02, -1.9381800e+03],
       [ 0.0000000e+00,  0.0000000e+00,  0.0000000e+00,  1.0000000e+00]]), array([[nan, nan, nan, nan],
       [nan, nan, nan, nan],
       [nan, nan, nan, nan],
       [ 0.,  0.,  0.,  1.]])][array([[-1.4895450e-01, -2.2055300e-01, -9.6371110e-01, -1.7961000e+02],
       [ 4.3133500e-01,  8.6263212e-01, -2.6412980e-01,  4.7720000e+01],
       [ 8.8956890e-01, -4.5516020e-01, -3.3313380e-02, -1.9381800e+03],
       [ 0.0000000e+00,  0.0000000e+00,  0.0000000e+00,  1.0000000e+00]]), array([[nan, nan, nan, nan],
       [nan, nan, nan, nan],
       [nan, nan, nan, nan],
       [ 0.,  0.,  0.,  1.]])][array([[-1.4356840e-01, -2.4077452e-01, -9.5975236e-01, -1.8170000e+02],
       [ 4.0675460e-01,  8.6984366e-01, -2.7908702e-01,  3.9100000e+01],
       [ 9.0202420e-01, -4.3054210e-01, -2.6914500e-02, -1.9385100e+03],
       [ 0.0000000e+00,  0.0000000e+00,  0.0000000e+00,  1.0000000e+00]]), array([[nan, nan, nan, nan],
       [nan, nan, nan, nan],
       [nan, nan, nan, nan],
       [ 0.,  0.,  0.,  1.]])][array([[-1.4356840e-01, -2.4077452e-01, -9.5975236e-01, -1.8170000e+02],
       [ 4.0675460e-01,  8.6984366e-01, -2.7908702e-01,  3.9100000e+01],
       [ 9.0202420e-01, -4.3054210e-01, -2.6914500e-02, -1.9385100e+03],
       [ 0.0000000e+00,  0.0000000e+00,  0.0000000e+00,  1.0000000e+00]]), array([[nan, nan, nan, nan],
       [nan, nan, nan, nan],
       [nan, nan, nan, nan],
       [ 0.,  0.,  0.,  1.]])][array([[-1.4356840e-01, -2.4077452e-01, -9.5975236e-01, -1.8170000e+02],
       [ 4.0675460e-01,  8.6984366e-01, -2.7908702e-01,  3.9100000e+01],
       [ 9.0202420e-01, -4.3054210e-01, -2.6914500e-02, -1.9385100e+03],
       [ 0.0000000e+00,  0.0000000e+00,  0.0000000e+00,  1.0000000e+00]]), array([[nan, nan, nan, nan],
       [nan, nan, nan, nan],
       [nan, nan, nan, nan],
       [ 0.,  0.,  0.,  1.]])][array([[-1.3906260e-01, -2.5806022e-01, -9.5583294e-01, -1.8324000e+02],
       [ 3.8256438e-01,  8.7644190e-01, -2.9231026e-01,  3.1290000e+01],
       [ 9.1315726e-01, -4.0645506e-01, -2.3108340e-02, -1.9387600e+03],
       [ 0.0000000e+00,  0.0000000e+00,  0.0000000e+00,  1.0000000e+00]]), array([[nan, nan, nan, nan],
       [nan, nan, nan, nan],
       [nan, nan, nan, nan],
       [ 0.,  0.,  0.,  1.]])][array([[-1.3906260e-01, -2.5806022e-01, -9.5583294e-01, -1.8324000e+02],
       [ 3.8256438e-01,  8.7644190e-01, -2.9231026e-01,  3.1290000e+01],
       [ 9.1315726e-01, -4.0645506e-01, -2.3108340e-02, -1.9387600e+03],
       [ 0.0000000e+00,  0.0000000e+00,  0.0000000e+00,  1.0000000e+00]]), array([[nan, nan, nan, nan],
       [nan, nan, nan, nan],
       [nan, nan, nan, nan],
       [ 0.,  0.,  0.,  1.]])][array([[-1.3906260e-01, -2.5806022e-01, -9.5583294e-01, -1.8324000e+02],
       [ 3.8256438e-01,  8.7644190e-01, -2.9231026e-01,  3.1290000e+01],
       [ 9.1315726e-01, -4.0645506e-01, -2.3108340e-02, -1.9387600e+03],
       [ 0.0000000e+00,  0.0000000e+00,  0.0000000e+00,  1.0000000e+00]]), array([[nan, nan, nan, nan],
       [nan, nan, nan, nan],
       [nan, nan, nan, nan],
       [ 0.,  0.,  0.,  1.]])][array([[-1.3177380e-01, -2.7926066e-01, -9.5097622e-01, -1.8452000e+02],
       [ 3.5761366e-01,  8.8145628e-01, -3.0840974e-01,  2.3810000e+01],
       [ 9.2436722e-01, -3.8081174e-01, -1.6255080e-02, -1.9387300e+03],
       [ 0.0000000e+00,  0.0000000e+00,  0.0000000e+00,  1.0000000e+00]]), array([[nan, nan, nan, nan],
       [nan, nan, nan, nan],
       [nan, nan, nan, nan],
       [ 0.,  0.,  0.,  1.]])][array([[-1.3177380e-01, -2.7926066e-01, -9.5097622e-01, -1.8452000e+02],
       [ 3.5761366e-01,  8.8145628e-01, -3.0840974e-01,  2.3810000e+01],
       [ 9.2436722e-01, -3.8081174e-01, -1.6255080e-02, -1.9387300e+03],
       [ 0.0000000e+00,  0.0000000e+00,  0.0000000e+00,  1.0000000e+00]]), array([[nan, nan, nan, nan],
       [nan, nan, nan, nan],
       [nan, nan, nan, nan],
       [ 0.,  0.,  0.,  1.]])][array([[-1.3177380e-01, -2.7926066e-01, -9.5097622e-01, -1.8452000e+02],
       [ 3.5761366e-01,  8.8145628e-01, -3.0840974e-01,  2.3810000e+01],
       [ 9.2436722e-01, -3.8081174e-01, -1.6255080e-02, -1.9387300e+03],
       [ 0.0000000e+00,  0.0000000e+00,  0.0000000e+00,  1.0000000e+00]]), array([[nan, nan, nan, nan],
       [nan, nan, nan, nan],
       [nan, nan, nan, nan],
       [ 0.,  0.,  0.,  1.]])][array([[-1.1640360e-01, -3.0364512e-01, -9.4534264e-01, -1.8555000e+02],
       [ 3.3364736e-01,  8.8476720e-01, -3.2527968e-01,  1.5620000e+01],
       [ 9.3517512e-01, -3.5345024e-01, -1.6202400e-03, -1.9387800e+03],
       [ 0.0000000e+00,  0.0000000e+00,  0.0000000e+00,  1.0000000e+00]]), array([[nan, nan, nan, nan],
       [nan, nan, nan, nan],
       [nan, nan, nan, nan],
       [ 0.,  0.,  0.,  1.]])][array([[-1.1640360e-01, -3.0364512e-01, -9.4534264e-01, -1.8555000e+02],
       [ 3.3364736e-01,  8.8476720e-01, -3.2527968e-01,  1.5620000e+01],
       [ 9.3517512e-01, -3.5345024e-01, -1.6202400e-03, -1.9387800e+03],
       [ 0.0000000e+00,  0.0000000e+00,  0.0000000e+00,  1.0000000e+00]]), array([[nan, nan, nan, nan],
       [nan, nan, nan, nan],
       [nan, nan, nan, nan],
       [ 0.,  0.,  0.,  1.]])][array([[-1.1640360e-01, -3.0364512e-01, -9.4534264e-01, -1.8555000e+02],
       [ 3.3364736e-01,  8.8476720e-01, -3.2527968e-01,  1.5620000e+01],
       [ 9.3517512e-01, -3.5345024e-01, -1.6202400e-03, -1.9387800e+03],
       [ 0.0000000e+00,  0.0000000e+00,  0.0000000e+00,  1.0000000e+00]]), array([[nan, nan, nan, nan],
       [nan, nan, nan, nan],
       [nan, nan, nan, nan],
       [ 0.,  0.,  0.,  1.]])][array([[-1.0718100e-01, -3.2585908e-01, -9.3912156e-01, -1.8633000e+02],
       [ 3.1515372e-01,  8.8486710e-01, -3.4299994e-01,  6.6800000e+00],
       [ 9.4276804e-01, -3.3284634e-01,  7.8941400e-03, -1.9388700e+03],
       [ 0.0000000e+00,  0.0000000e+00,  0.0000000e+00,  1.0000000e+00]]), array([[nan, nan, nan, nan],
       [nan, nan, nan, nan],
       [nan, nan, nan, nan],
       [ 0.,  0.,  0.,  1.]])][array([[-1.0718100e-01, -3.2585908e-01, -9.3912156e-01, -1.8633000e+02],
       [ 3.1515372e-01,  8.8486710e-01, -3.4299994e-01,  6.6800000e+00],
       [ 9.4276804e-01, -3.3284634e-01,  7.8941400e-03, -1.9388700e+03],
       [ 0.0000000e+00,  0.0000000e+00,  0.0000000e+00,  1.0000000e+00]]), array([[nan, nan, nan, nan],
       [nan, nan, nan, nan],
       [nan, nan, nan, nan],
       [ 0.,  0.,  0.,  1.]])][array([[-1.0718100e-01, -3.2585908e-01, -9.3912156e-01, -1.8633000e+02],
       [ 3.1515372e-01,  8.8486710e-01, -3.4299994e-01,  6.6800000e+00],
       [ 9.4276804e-01, -3.3284634e-01,  7.8941400e-03, -1.9388700e+03],
       [ 0.0000000e+00,  0.0000000e+00,  0.0000000e+00,  1.0000000e+00]]), array([[nan, nan, nan, nan],
       [nan, nan, nan, nan],
       [nan, nan, nan, nan],
       [ 0.,  0.,  0.,  1.]])][array([[-9.9043380e-02, -3.5458142e-01, -9.2962288e-01, -1.8679000e+02],
       [ 2.9063198e-01,  8.8327982e-01, -3.6786112e-01, -2.7200000e+00],
       [ 9.5155648e-01, -3.0669328e-01,  1.5597440e-02, -1.9391400e+03],
       [ 0.0000000e+00,  0.0000000e+00,  0.0000000e+00,  1.0000000e+00]]), array([[nan, nan, nan, nan],
       [nan, nan, nan, nan],
       [nan, nan, nan, nan],
       [ 0.,  0.,  0.,  1.]])][array([[-9.9043380e-02, -3.5458142e-01, -9.2962288e-01, -1.8679000e+02],
       [ 2.9063198e-01,  8.8327982e-01, -3.6786112e-01, -2.7200000e+00],
       [ 9.5155648e-01, -3.0669328e-01,  1.5597440e-02, -1.9391400e+03],
       [ 0.0000000e+00,  0.0000000e+00,  0.0000000e+00,  1.0000000e+00]]), array([[nan, nan, nan, nan],
       [nan, nan, nan, nan],
       [nan, nan, nan, nan],
       [ 0.,  0.,  0.,  1.]])][array([[-9.9043380e-02, -3.5458142e-01, -9.2962288e-01, -1.8679000e+02],
       [ 2.9063198e-01,  8.8327982e-01, -3.6786112e-01, -2.7200000e+00],
       [ 9.5155648e-01, -3.0669328e-01,  1.5597440e-02, -1.9391400e+03],
       [ 0.0000000e+00,  0.0000000e+00,  0.0000000e+00,  1.0000000e+00]]), array([[nan, nan, nan, nan],
       [nan, nan, nan, nan],
       [nan, nan, nan, nan],
       [ 0.,  0.,  0.,  1.]])][array([[-8.9174500e-02, -3.7717540e-01, -9.2168830e-01, -1.8734000e+02],
       [ 2.7227140e-01,  8.8101048e-01, -3.8685724e-01, -1.2730000e+01],
       [ 9.5793470e-01, -2.8553276e-01,  2.4159980e-02, -1.9395200e+03],
       [ 0.0000000e+00,  0.0000000e+00,  0.0000000e+00,  1.0000000e+00]]), array([[nan, nan, nan, nan],
       [nan, nan, nan, nan],
       [nan, nan, nan, nan],
       [ 0.,  0.,  0.,  1.]])][array([[-8.9174500e-02, -3.7717540e-01, -9.2168830e-01, -1.8734000e+02],
       [ 2.7227140e-01,  8.8101048e-01, -3.8685724e-01, -1.2730000e+01],
       [ 9.5793470e-01, -2.8553276e-01,  2.4159980e-02, -1.9395200e+03],
       [ 0.0000000e+00,  0.0000000e+00,  0.0000000e+00,  1.0000000e+00]]), array([[nan, nan, nan, nan],
       [nan, nan, nan, nan],
       [nan, nan, nan, nan],
       [ 0.,  0.,  0.,  1.]])][array([[-8.9174500e-02, -3.7717540e-01, -9.2168830e-01, -1.8734000e+02],
       [ 2.7227140e-01,  8.8101048e-01, -3.8685724e-01, -1.2730000e+01],
       [ 9.5793470e-01, -2.8553276e-01,  2.4159980e-02, -1.9395200e+03],
       [ 0.0000000e+00,  0.0000000e+00,  0.0000000e+00,  1.0000000e+00]]), array([[nan, nan, nan, nan],
       [nan, nan, nan, nan],
       [nan, nan, nan, nan],
       [ 0.,  0.,  0.,  1.]])][array([[-7.7682000e-02, -4.0265976e-01, -9.1186268e-01, -1.8785000e+02],
       [ 2.5582856e-01,  8.7608952e-01, -4.0863204e-01, -2.2800000e+01],
       [ 9.6342108e-01, -2.6512924e-01,  3.4992480e-02, -1.9402600e+03],
       [ 0.0000000e+00,  0.0000000e+00,  0.0000000e+00,  1.0000000e+00]]), array([[nan, nan, nan, nan],
       [nan, nan, nan, nan],
       [nan, nan, nan, nan],
       [ 0.,  0.,  0.,  1.]])][array([[-7.7682000e-02, -4.0265976e-01, -9.1186268e-01, -1.8785000e+02],
       [ 2.5582856e-01,  8.7608952e-01, -4.0863204e-01, -2.2800000e+01],
       [ 9.6342108e-01, -2.6512924e-01,  3.4992480e-02, -1.9402600e+03],
       [ 0.0000000e+00,  0.0000000e+00,  0.0000000e+00,  1.0000000e+00]]), array([[nan, nan, nan, nan],
       [nan, nan, nan, nan],
       [nan, nan, nan, nan],
       [ 0.,  0.,  0.,  1.]])][array([[-7.7682000e-02, -4.0265976e-01, -9.1186268e-01, -1.8785000e+02],
       [ 2.5582856e-01,  8.7608952e-01, -4.0863204e-01, -2.2800000e+01],
       [ 9.6342108e-01, -2.6512924e-01,  3.4992480e-02, -1.9402600e+03],
       [ 0.0000000e+00,  0.0000000e+00,  0.0000000e+00,  1.0000000e+00]]), array([[nan, nan, nan, nan],
       [nan, nan, nan, nan],
       [nan, nan, nan, nan],
       [ 0.,  0.,  0.,  1.]])][array([[-6.3015200e-02, -4.1556636e-01, -9.0722652e-01, -1.8764000e+02],
       [ 2.4021300e-01,  8.7610790e-01, -4.1797220e-01, -3.3420000e+01],
       [ 9.6853140e-01, -2.4435148e-01,  4.4646140e-02, -1.9413800e+03],
       [ 0.0000000e+00,  0.0000000e+00,  0.0000000e+00,  1.0000000e+00]]), array([[nan, nan, nan, nan],
       [nan, nan, nan, nan],
       [nan, nan, nan, nan],
       [ 0.,  0.,  0.,  1.]])][array([[-6.3015200e-02, -4.1556636e-01, -9.0722652e-01, -1.8764000e+02],
       [ 2.4021300e-01,  8.7610790e-01, -4.1797220e-01, -3.3420000e+01],
       [ 9.6853140e-01, -2.4435148e-01,  4.4646140e-02, -1.9413800e+03],
       [ 0.0000000e+00,  0.0000000e+00,  0.0000000e+00,  1.0000000e+00]]), array([[nan, nan, nan, nan],
       [nan, nan, nan, nan],
       [nan, nan, nan, nan],
       [ 0.,  0.,  0.,  1.]])][array([[-6.3015200e-02, -4.1556636e-01, -9.0722652e-01, -1.8764000e+02],
       [ 2.4021300e-01,  8.7610790e-01, -4.1797220e-01, -3.3420000e+01],
       [ 9.6853140e-01, -2.4435148e-01,  4.4646140e-02, -1.9413800e+03],
       [ 0.0000000e+00,  0.0000000e+00,  0.0000000e+00,  1.0000000e+00]]), array([[nan, nan, nan, nan],
       [nan, nan, nan, nan],
       [nan, nan, nan, nan],
       [ 0.,  0.,  0.,  1.]])][array([[-8.2427680e-02, -3.7470108e-01, -9.2334124e-01, -1.8705000e+02],
       [ 2.5523772e-01,  8.8775832e-01, -3.8303184e-01, -4.4490000e+01],
       [ 9.6323084e-01, -2.6731776e-01,  2.2486640e-02, -1.9414000e+03],
       [ 0.0000000e+00,  0.0000000e+00,  0.0000000e+00,  1.0000000e+00]]), array([[nan, nan, nan, nan],
       [nan, nan, nan, nan],
       [nan, nan, nan, nan],
       [ 0.,  0.,  0.,  1.]])][array([[-8.2427680e-02, -3.7470108e-01, -9.2334124e-01, -1.8705000e+02],
       [ 2.5523772e-01,  8.8775832e-01, -3.8303184e-01, -4.4490000e+01],
       [ 9.6323084e-01, -2.6731776e-01,  2.2486640e-02, -1.9414000e+03],
       [ 0.0000000e+00,  0.0000000e+00,  0.0000000e+00,  1.0000000e+00]]), array([[nan, nan, nan, nan],
       [nan, nan, nan, nan],
       [nan, nan, nan, nan],
       [ 0.,  0.,  0.,  1.]])][array([[-8.2427680e-02, -3.7470108e-01, -9.2334124e-01, -1.8705000e+02],
       [ 2.5523772e-01,  8.8775832e-01, -3.8303184e-01, -4.4490000e+01],
       [ 9.6323084e-01, -2.6731776e-01,  2.2486640e-02, -1.9414000e+03],
       [ 0.0000000e+00,  0.0000000e+00,  0.0000000e+00,  1.0000000e+00]]), array([[nan, nan, nan, nan],
       [nan, nan, nan, nan],
       [nan, nan, nan, nan],
       [ 0.,  0.,  0.,  1.]])][array([[-9.6638920e-02, -3.5248486e-01, -9.3065310e-01, -1.8638000e+02],
       [ 2.6806486e-01,  8.9138558e-01, -3.6543570e-01, -5.4750000e+01],
       [ 9.5838510e-01, -2.8487970e-01,  8.3755000e-03, -1.9414900e+03],
       [ 0.0000000e+00,  0.0000000e+00,  0.0000000e+00,  1.0000000e+00]]), array([[nan, nan, nan, nan],
       [nan, nan, nan, nan],
       [nan, nan, nan, nan],
       [ 0.,  0.,  0.,  1.]])][array([[-9.6638920e-02, -3.5248486e-01, -9.3065310e-01, -1.8638000e+02],
       [ 2.6806486e-01,  8.9138558e-01, -3.6543570e-01, -5.4750000e+01],
       [ 9.5838510e-01, -2.8487970e-01,  8.3755000e-03, -1.9414900e+03],
       [ 0.0000000e+00,  0.0000000e+00,  0.0000000e+00,  1.0000000e+00]]), array([[nan, nan, nan, nan],
       [nan, nan, nan, nan],
       [nan, nan, nan, nan],
       [ 0.,  0.,  0.,  1.]])][array([[-9.6638920e-02, -3.5248486e-01, -9.3065310e-01, -1.8638000e+02],
       [ 2.6806486e-01,  8.9138558e-01, -3.6543570e-01, -5.4750000e+01],
       [ 9.5838510e-01, -2.8487970e-01,  8.3755000e-03, -1.9414900e+03],
       [ 0.0000000e+00,  0.0000000e+00,  0.0000000e+00,  1.0000000e+00]]), array([[nan, nan, nan, nan],
       [nan, nan, nan, nan],
       [nan, nan, nan, nan],
       [ 0.,  0.,  0.,  1.]])][array([[-8.7689800e-02, -3.8032094e-01, -9.2049942e-01, -1.8637000e+02],
       [ 2.3561390e-01,  8.9006750e-01, -3.9016770e-01, -6.3510000e+01],
       [ 9.6770310e-01, -2.5119858e-01,  1.1592460e-02, -1.9419100e+03],
       [ 0.0000000e+00,  0.0000000e+00,  0.0000000e+00,  1.0000000e+00]]), array([[nan, nan, nan, nan],
       [nan, nan, nan, nan],
       [nan, nan, nan, nan],
       [ 0.,  0.,  0.,  1.]])][array([[-8.7689800e-02, -3.8032094e-01, -9.2049942e-01, -1.8637000e+02],
       [ 2.3561390e-01,  8.9006750e-01, -3.9016770e-01, -6.3510000e+01],
       [ 9.6770310e-01, -2.5119858e-01,  1.1592460e-02, -1.9419100e+03],
       [ 0.0000000e+00,  0.0000000e+00,  0.0000000e+00,  1.0000000e+00]]), array([[nan, nan, nan, nan],
       [nan, nan, nan, nan],
       [nan, nan, nan, nan],
       [ 0.,  0.,  0.,  1.]])][array([[-8.7689800e-02, -3.8032094e-01, -9.2049942e-01, -1.8637000e+02],
       [ 2.3561390e-01,  8.9006750e-01, -3.9016770e-01, -6.3510000e+01],
       [ 9.6770310e-01, -2.5119858e-01,  1.1592460e-02, -1.9419100e+03],
       [ 0.0000000e+00,  0.0000000e+00,  0.0000000e+00,  1.0000000e+00]]), array([[nan, nan, nan, nan],
       [nan, nan, nan, nan],
       [nan, nan, nan, nan],
       [ 0.,  0.,  0.,  1.]])][array([[-7.6726160e-02, -4.0232640e-01, -9.1216908e-01, -1.8689000e+02],
       [ 2.1085008e-01,  8.8771160e-01, -4.0925556e-01, -7.0700000e+01],
       [ 9.7440300e-01, -2.2378860e-01,  1.6738400e-02, -1.9421800e+03],
       [ 0.0000000e+00,  0.0000000e+00,  0.0000000e+00,  1.0000000e+00]]), array([[nan, nan, nan, nan],
       [nan, nan, nan, nan],
       [nan, nan, nan, nan],
